0.0001442975067044634
0.0001476233614257704
0.0001544713928428187
0.00014006491338348752
0.00014451988760129118
0.00012406591383912012
0.00014013444568669188
0.00016612331145733847
0.00013057897636563443
0.00012703016068921647
0.00012054728306398669
0.00013362917882339532
0.00011344635694917532
0.00013361272006783416
0.0001105917562570196
0.00011239245034255261
9.785334559177482e-05
0.00010462924745513171
0.00010141815690478434
0.00010309320409526751
0.00010193608751261126
9.818906033999951e-05
0.00010102115107313333
0.00010485594606343171
9.514979142176241e-05
8.387093097838415e-05
0.00011675982926863079
0.0001950046933791409
0.00031104785627641664
0.00044021410136674667
0.0006175154297780728
0.0005996960166690857
0.00039573555793721203
0.00020592233306891694
0.0001576529804891368
9.688300448971015e-05
7.902244371014514e-05
7.235894669810608e-05
7.229827952593243e-05
6.405801445283172e-05
7.386244264102632e-05
6.392741533990911e-05
6.770572945255742e-05
6.072332217777029e-05
5.429030741797328e-05
6.794141715084775e-05
5.968679966853391e-05
6.386673347186239e-05
