0.00013213608781716588
0.00014600530415218667
0.00010124372409719405
0.00010640386652244748
0.00012969612272984774
0.00010312100756420568
9.619046914283318e-05
8.823096761718095e-05
0.00010640695493768594
7.920394230311068e-05
9.393414505985104e-05
0.00010410642830445802
9.064933073365995e-05
9.243723268443962e-05
8.323631597391865e-05
7.188399819483258e-05
7.751667086448595e-05
6.500990164039265e-05
7.76182522687198e-05
6.882346637674269e-05
6.261221399116735e-05
6.772512214783852e-05
7.366580652439712e-05
6.752723449376942e-05
6.232762804228527e-05
6.0598137188980125e-05
5.7614316243787756e-05
7.351013473970731e-05
7.971415856162072e-05
0.0001481998256354219
0.0007164844558466701
0.0011077042150871316
0.0004544571811701586
0.00014907740120045844
7.61875987603752e-05
6.215302443256399e-05
4.6749281226230816e-05
5.1023379829920896e-05
5.1515665772251074e-05
4.532601654471737e-05
3.832855724189507e-05
4.5308231639171474e-05
3.573444956476557e-05
4.5033359484715223e-05
3.681692520235966e-05
4.7375868319266776e-05
4.246404339116127e-05
3.252761471892173e-05
