7.417447138427096e-05
6.959104948977699e-05
5.4974536375117836e-05
6.754583534178486e-05
4.83363689829834e-05
6.865339286827044e-05
5.683993890735682e-05
5.486627266886216e-05
5.2844567312505035e-05
5.064464441266015e-05
5.606138308023499e-05
3.610551446825682e-05
4.224002465495558e-05
4.452659770785211e-05
4.179583760978352e-05
4.670459339469068e-05
4.622526993548824e-05
4.811034802923458e-05
3.856152875795032e-05
4.432348786809457e-05
4.046903537736286e-05
3.188017514516337e-05
3.957829067924277e-05
4.084546355125423e-05
3.8923480326880104e-05
3.816042691868196e-05
2.753004303304763e-05
3.942083033719115e-05
4.0302556570036445e-05
3.179665227597122e-05
6.114100076877173e-05
6.225712265241846e-05
7.281291096342932e-05
0.0001803425878382794
0.0005531668565202959
0.0005867245444261493
0.002477629011493335
0.002121758529064922
0.00046313184617128585
0.0005898503184270761
8.853704213627961e-05
6.194428333159469e-05
5.0433781701957724e-05
4.329253631769359e-05
4.683179190990736e-05
4.041876534239321e-05
3.60096850889451e-05
3.5157829273711985e-05
2.630936807045295e-05
2.9931804070845478e-05
2.1933785049468126e-05
2.4682152331445074e-05
2.1057109783713074e-05
2.2157567087015836e-05
1.9918729869885228e-05
2.3437192746957066e-05
2.3548074757639612e-05
2.4317867965720836e-05
1.9757527195051402e-05
1.918322172671921e-05
