0.00029695759937165917
0.0002694452947004673
0.0002380275884347624
0.0002613666654170606
0.0002693866586498486
0.00023223271376197435
0.0002655118972915606
0.0002115578141711536
0.0002209740866733433
0.00023061729897046266
0.00022316815063369642
0.00019487691525895277
0.0002245303364479527
0.00022326734885239118
0.00022094512832015678
0.000230411251410874
0.0002176268109275047
0.0002102368843117411
0.00021542691911484522
0.00021862821540126438
0.0002550649087055148
0.00024065164051833454
0.00031453062384133985
0.0003117133934710346
0.0003106375927855479
0.0003198930427057153
0.00038938983865244
0.00041204030675656586
0.0002909917799967436
0.0003002925003907596
0.0003218644921112168
0.00028825996414828505
0.00025053242447063337
0.00019190728850592217
0.00018009130275928531
0.00014687647791589964
0.00015026359520076528
0.0001432767392700765
0.00010562921696538876
9.764377841763687e-05
0.00011622944519526828
0.00012119351639256366
9.777866938879778e-05
0.00010774737354036357
0.00011290070043060052
0.00010415422329436492
0.00010139390595285935
0.00010676184209230708
