0.0001792175882598693
0.00021592191789735285
0.0003257270749337472
0.0004244551515216951
0.0004769575360398512
0.0006165113451774856
0.0006719920372492429
0.0009353756259543006
0.0011353452747244529
0.0008768853375176772
0.0011604930033317887
0.0014041420008970948
0.0014286988438185863
0.001496725954965199
0.0015839579200057242
0.0016787676199394985
0.0016822593859036957
0.0019864139698949532
0.0020153186931477344
0.002161707744653018
0.0018348061919543906
0.002567873265275232
0.0021719011377065154
0.002263360483935031
0.002135371721901163
0.002784979312806229
0.002960366547769327
0.004189685918988809
0.005455450152784243
0.006431613569331082
0.0037963832953521034
0.008001357606148814
0.008741734031339803
0.0061018626768136386
0.004168857211721169
0.0034919933520869643
0.0033021812126356096
0.0030711120839040508
0.003147049474236698
0.002895961329464162
0.002971706995899025
0.0037429667270794244
0.0036594615898063875
0.0037315759844380662
0.003869782121171253
0.0038377121737123323
0.0038453870804157574
0.0038078503326032676
