0.0001500146218330857
0.0002349208870538714
0.00030315936314183876
0.000357751575130548
0.0006063784290479782
0.0006116207375782173
0.0007988125283659898
0.0008418847783541478
0.0009457936252649
0.00110803538110025
0.0011885610164835674
0.0012563992169483712
0.0014696247278874195
0.0015437249626164494
0.0017809604073705263
0.0017033363278394923
0.0019208656052226913
0.0016219757182409345
0.0019000864197327874
0.0018760447338472804
0.0019108692089674524
0.002405847140840097
0.002036255335478779
0.002891172357597322
0.0025629014918822717
0.0025797791116018444
0.0025191638069905673
0.0026524625400017243
0.0031248181108958395
0.005891417355950267
0.02634909549070656
0.011653006398330135
0.02233754459843128
0.007310379099808741
0.004347342004158926
0.003694479607734563
0.003391515863550086
0.003309712918869179
0.003745901563258199
0.003504927485720879
0.003023460305790428
0.003597460649947634
0.0031853681476276038
0.003931517956959962
0.00447476208936825
0.004475686213870792
0.0038837277493361283
0.00400818987470569
