0.00019630035492213937
0.00029393511304734053
0.000359407206317058
0.00042947626285808646
0.0005542226650415197
0.0007174202338210848
0.0007329931057331519
0.0009048830774984165
0.001206106718289942
0.0011620202983473574
0.0011435021638771948
0.001467350294522675
0.0012108351235910432
0.0014445311729935856
0.0015844192526166627
0.0017098754967098187
0.0020775636878598556
0.0019555067914821997
0.002244897302221221
0.0019143828077802347
0.0024256013065862476
0.0020730213322526095
0.0025697267379078547
0.002146269691356266
0.002895220853143681
0.0025239200772276885
0.0028986255517438448
0.002757366084141273
0.002772668686662332
0.0032150391233675742
0.005575009802192134
0.006101984638581631
0.008311815593429956
0.02872257344801421
0.09094944911425622
0.09830546535657561
0.19946369201655823
0.28607194779736095
0.09428688870540376
0.11952189829794174
0.006408434442262783
0.0046341186877643685
0.0034602324038682628
0.003217842497203015
0.003879669387738749
0.0027534407747369653
0.00315673124187203
0.0028469826594321452
0.002721541240617726
0.0031882849515260034
0.004349678840496512
0.0032513322541442317
0.0036423400598165198
0.004297166751283808
0.004042871185818157
0.003950841494502682
0.004069103699872846
0.0038060139584838995
0.004453207931575692
0.0037327720718481013
