0.00017930686553165048
0.000257011759103977
0.00034483095006996234
0.00048751507603407254
0.0005299088155070274
0.0006954608137811109
0.0006871054423440425
0.0007922608213220404
0.0008242565032052625
0.001171262887848797
0.0012337506450246973
0.0010612519223685158
0.0012206347480335678
0.001346828824716501
0.001478403907607588
0.0014011919698898613
0.0018872362162047976
0.0018216153694382861
0.001997575597068812
0.002350541209016271
0.001947614357412854
0.0022715909187146074
0.002303017019350361
0.002282581569317454
0.002113544917587056
0.0022821060840646887
0.0024791509772082144
0.0021167015095814225
0.002555820051784967
0.0023944120958863425
0.0025685590947255054
0.002883156930644326
0.002952686679639381
0.0036053170885840136
0.0031006924776040275
0.0031094646177962835
0.0026162999698862354
0.0032631273119266726
0.0030632957598269077
0.0030575899350997315
0.0031414544115601854
0.0034035872081592923
0.0029246303191106473
0.003369611013319716
0.0036612952651544246
0.003959991184172315
0.003772199946620073
0.0035545742967970522
