0.00037551163391380554
0.0003777261492808609
0.0003769489321049693
0.00037687283405903017
0.0003750749105614323
0.00037393649695210263
0.00037345110168424356
0.000372690523370731
0.00037019515036687827
0.0003702863103495926
0.0003710062741195972
0.0003693599837530142
0.00036995671368242593
0.0003708462689894185
0.0003707084918616475
0.00037207391542531183
0.0003694188242912884
0.0003689787759353487
0.0003676329501341949
0.0003663383896009042
0.0003671712602877052
0.0003663067856790175
0.00036894342380029243
0.00036598278161444547
0.0003670832405149839
0.0003653044401226041
0.00036237815641254395
0.0003621943215786985
0.00036187231234480996
0.0003596279909031537
0.0003619356972166223
0.0003629978043846017
0.00036175364164607647
0.0003614646071206209
0.00036137432823445576
0.00036146276148161095
0.0003583316674918889
0.0003583417695350236
0.0003593682080983878
0.00035881105252257527
0.0003581616016528259
0.0003568479468617705
0.00035502046367590106
0.0003532571054977399
0.000353767905897412
0.0003563118669626857
0.0003540835007787461
0.0003530398372304586
0.0003515286023289106
0.00035243121624536125
0.00035241383185306916
0.00035427160221914627
0.00035421577575156873
0.0003519883022245467
0.00035292673622588217
0.00035463473070602124
0.0003558489462247858
0.00035650903484159876
0.0003540503497747501
0.00035484205979361365
0.0003533342582941013
0.00034894799681409416
0.0003481181529348201
0.0003488116123689237
0.0003460744711509062
0.0003438140976960179
0.0003438310497138571
0.00034343657287105395
0.00034395847449385854
0.00034515535720934287
0.00034521062275625925
0.000345160712200944
0.00034807975389408306
0.0003478380818704651
0.0003474714845278968
0.0003485166198428125
0.000349853178602585
0.0003511702675616217
0.000352629538808406
0.00035128983275273815
0.0003523199950609771
0.00035478214851598845
0.00035520513224124924
0.0003559008763365105
0.00035471058256644105
0.00035353713593350297
0.000353604560000382
0.0003531128483728363
0.0003541440517961715
0.0003534332583640897
0.0003549866642135459
0.0003579964453311751
0.00035686964699803355
0.00035749756037646395
0.0003548194720061807
0.00035363293707380613
0.00035150425484444577
0.00035560677473247485
0.0003584549636208622
0.00035557846226644024
0.0003549987416704957
0.0003563290163126803
0.00035028900120021554
0.00035284127794404056
0.0003486214753237719
0.0003507644551035969
0.0003528460849180557
0.0003520242195796304
0.00035286692410300686
0.00035178359322892664
0.00034886198001812525
0.000350250584018991
0.0003493069736775191
0.00034803689131947344
0.0003459355046877072
0.0003421279033796893
0.0003431344435694061
0.0003425209958785267
0.0003412077577725059
0.0003422693957405253
0.0003454133588871043
0.00034756383121534233
0.0003444278165403319
0.0003441047558693807
0.0003426212113124689
0.0003398719001872733
0.0003324822014433229
0.00033825641257558654
0.000333812248667638
0.00033275660386063144
0.00033235421994405877
0.00033397009438682865
0.00033162473651330665
0.00033189702827047786
0.00032960136860456896
0.00033404391349296076
0.00033204283484947135
0.00033191422779621857
0.00033357640840100467
0.00033332729840196483
0.0003325479675339314
0.0003325294958971383
0.0003302356081546625
0.0003275687573531071
0.0003253927638999232
0.0003307868914532882
0.0003268658174432462
0.0003246825309040281
0.00031614082532347907
0.0003156887093585361
0.0003165686536675176
0.00031827631434430144
0.00031570082421602706
0.0003137607533147246
0.00031097893057962405
0.0003039071623552467
0.00030398199433073606
0.0003057724309689697
0.000304985996495312
0.00030154583484821233
0.00030249424371129734
0.0003090733886107951
0.0003057639723483158
0.000306140946237838
0.00030051316038554195
0.0003088907893171299
0.00030944434818638166
0.00030885931091991474
0.00030913532525978806
0.00030287704264544225
0.00029950010667161324
0.0002933637581218932
0.0002964214589202254
0.0002988962614484687
0.00030029368830653924
0.0003000627890384927
0.0002989469148174967
0.0003004698728363023
0.0002993444025473108
0.0003050044705562139
0.000301603389195912
0.00030290620542775627
0.0003084283226657866
0.000310808485002518
0.00031057742969060274
0.00030534376324711413
0.0003015518669531852
0.0002980918752644218
0.00029753086817012027
0.0002918125030145106
0.0002903097688096671
0.00028834134428125125
0.00028413125322660247
0.0002863979302802845
0.00029111007419219776
0.0002828724801033275
0.000278889692011153
0.00027676483984367115
0.00027815125423216275
0.00027748668359817543
0.0002796676424587184
0.00027732692347521974
0.0002744839621726853
0.0002755292521972386
0.0002785102576319657
0.00027628147313141465
0.00027125380239069246
0.0002743829163586071
0.00027456160235050806
0.0002725155795310375
0.0002708703395012075
0.0002716266139836794
0.0002716074820215238
0.00027227485998508464
0.0002752122321204038
0.0002738815836954801
0.0002725210463400608
0.00027249838461391226
0.0002729568244058906
0.00027391853400678937
0.0002703530489661963
0.0002716717687650666
0.0002743925245121207
0.000274759197011442
0.00027630352213852045
0.0002820970514977754
0.00027993479674278743
0.0002797047702194316
0.00027894526428297545
0.00027572672090069256
0.000275450508059466
0.00027646133822426016
0.0002818151944841907
0.00027960758852249514
0.00028132511061402073
0.0002793875430533155
0.0002798485272879605
0.0002846123937231354
0.0002864405180699558
0.0002834391639921827
0.00027636489171017193
0.0002814712171448597
0.0002834300162445666
0.0002802516468274059
0.0002827419485086375
0.0002819365950059085
0.0002827795255144076
0.000282428091986447
0.000288565713361299
0.0002908985260121082
0.0002898834564085042
0.0002854669505951662
0.0002845962479082181
0.00028428329144245906
0.00028773646160080605
0.0002855387152660944
0.00028034043098885167
0.00027757279418044105
0.00027678875115374194
0.000277510530980086
0.0002742296724493894
0.00027405017337967137
0.0002773308587609329
0.00027913553075246044
0.00028499400539529316
0.000282985597518788
0.00028502978726265184
0.0002828054352901288
0.0002825499850269884
0.00028227340827043253
0.00028308862094949974
0.00028249242060496407
0.00028296786663500716
0.00028005376373897224
0.00027905663258854786
0.00027919213012556163
0.0002873046946749998
0.00028124020364245434
0.00027988508321634886
0.0002785216645567474
0.000280867960638307
0.00028272078578194307
0.0002795881017569953
0.0002793301754362548
0.00028688593689801703
0.0002848818869034927
0.000286411505836942
0.0002844042428814469
0.00028796391319997746
0.0002838369243982335
0.0002858454573446196
0.0002849987379134923
0.00028548865125038
0.0002872168694850002
0.0002884431160823617
0.0002885563492897308
0.0002868101407899311
0.00028786395002427536
0.0002877122069404255
0.0002899913200763813
0.0002907679742705408
0.0002898642079550406
0.00028663301112626273
0.00028737799982563186
0.0002888361400828444
0.00028792560244790175
0.00028446772133995115
0.0002817749651372646
0.00028196910904164173
0.000281517770395686
0.00028272271626866944
0.000280895711099768
0.0002866842678030811
0.00028739890694440485
0.0002872341134665232
0.000287880488389972
0.00028489247081167743
0.0002862592122145984
0.0002847541493973031
0.00028204622216929353
0.00028010952344561423
0.0002801295009132094
0.0002789114683455602
0.0002826043535611293
0.0002815035655888332
0.00027955089232642064
0.00027971181974180935
0.0002813794919737448
0.0002809388026527849
0.0002792521261135062
0.00028038780974173276
0.00028157711361217563
0.0002768927974355702
0.0002811114029190837
0.0002805226602393198
0.0002816703344639742
0.00027790464032399884
0.00027863870267230917
0.0002806676370904512
0.0002766700779957806
0.00027564889198181835
0.00027472362861995903
0.00027327471789114334
0.0002722414957252678
0.00027079308577389506
0.0002726704439487154
0.00027235933724096135
0.00027272612395032466
0.0002723193662136479
0.00027063232132870483
0.0002699299120419369
0.000269840231173434
0.0002667148431334526
0.00026604832740574294
0.00026461183072647176
0.00026461718917665625
0.0002629040674030954
0.00026397169024413306
0.00026153126287549114
0.00025897222386728316
0.00025764627073018495
0.00025649138387320587
0.0002568029926468275
0.0002562132188388888
0.00025487731328029405
0.00025297151921804616
0.0002525362959932822
0.0002496077711053299
0.0002521069218788037
0.00025193669065637727
0.00025425975192888185
0.0002550753147632679
0.00025383230821633793
0.00025174157214815604
0.00024970665431818816
0.0002469533905061131
0.0002463632572239035
0.0002457498959096354
0.0002459039967888913
0.0002461459282967127
0.00024717689151191723
0.00024911610181318724
0.0002495305427239852
0.00024927293002761046
0.0002460785038780388
0.0002456532579099472
0.00024625440331442646
0.0002451922998997189
0.00024429842188425523
0.0002404381573338118
0.00023937800081890844
0.0002400036905558603
0.0002423228853701082
0.00024287441877580957
0.0002424077233670104
0.0002458312440780963
0.0002467328079974109
0.0002457225001681443
0.00024783033603812153
0.0002486024200013006
0.00024873550416895695
0.00024747070720675617
0.0002469008792271087
0.00024688157136251124
0.0002459833581261093
0.0002458414948486872
0.00024329712317663218
0.0002392560572321493
0.00023773023915048852
0.0002384473629491685
0.00023820016158756534
0.00023830365943588042
0.0002411839507319838
0.0002398433033614049
0.00023989480596576284
0.00023938616426125937
0.00023748329794006734
0.00023823229208074024
0.0002392803452619494
0.00023858657248376511
0.00023726993214732671
0.0002404423252345064
0.0002390889364969161
0.00023782231048342714
0.00023472973321272478
0.0002337063567672165
0.00023249705085810583
0.00023098723168219469
0.00023169587084466986
0.00023085890925256676
0.00023178992651497521
0.0002299354284113793
0.00023337470501689326
0.00023441193047284657
0.00023108774148602204
0.0002295856825181737
0.00022998890285004555
0.00023193687596987988
0.00023038989418367963
0.00023176266787867562
0.0002296879951248739
0.00022727018321760508
0.00022751202119508526
0.00022559785054674874
0.00022372639661372663
0.00022406267064943317
0.00022529483037816503
0.0002247300539385096
0.0002251948729600047
0.00022683247616830024
0.00022489712704577014
0.00022444488730673532
0.00022540957059019915
0.00022578750706449803
0.00022746503700436652
0.00022977199474776146
0.0002320955940745685
0.00023081820390380035
0.00023055140671995102
0.00023095116526912693
0.00023021688433438
0.00023024118561983087
0.00022794097642409906
0.00022986354332429353
0.00023001939647227513
0.00023175878347090945
0.00023099656829495533
0.0002320570052473172
0.00023139233826738166
0.000235591862476618
0.00023761864383388653
0.00023798714645660658
0.00023812295103743997
0.0002368047738838269
0.0002379396563107791
0.00023869164701503898
0.0002372462755275804
0.0002353726904208906
0.00023525219481633405
0.00023699143894451461
0.00023598614158211562
0.0002333517833164542
0.00023366728772217493
0.00023555322290276753
0.00023631392696262744
0.00023418480756036867
0.0002312989359931515
0.00023085341828395827
0.00023241249616681484
0.00022745889255453784
0.00022823718191170088
0.0002279956052123028
0.00022888722269108567
0.0002306318233284658
0.0002321383339185293
0.0002318566167499379
0.0002310941028918339
0.0002298687416035994
0.00022962106501915236
0.00022898156274680663
0.00023024346476372445
0.00023030946566157537
0.00022964589215207723
0.00023019631533857118
0.0002307505406984019
0.0002306331074554108
0.0002283772121320905
0.00022732085101376744
0.00022854386437024053
0.0002288570793159517
0.00022870203784110688
0.0002279922945123427
0.00023006322586858113
0.00023048517920015634
0.00023139337653516363
0.0002337739066923863
0.00023350412688272294
0.00023271162359756676
0.00023331053140186197
0.00023341009867271684
0.0002336799032439565
0.0002330093801492712
0.0002348307667310199
0.0002358152942512235
0.00023735061991261543
0.00023657012189487754
0.00023626137529662798
0.00023765641123053193
0.00023802969606743628
0.00023988492878470938
0.00024077313835758237
0.00023996918184938
0.00023952563165901693
0.00023938639879989219
0.00023939385293655243
0.00024002832037636076
0.000241968223945398
0.00024293354999697881
0.00024297977825008343
0.00024242594316110173
0.00023879713261889981
0.00023947318352944162
0.00023946882913179982
0.0002414732500255942
0.00024335878023550473
0.0002436668834247394
0.00024246342922254675
0.00024048675732557705
0.00024078604882427974
0.00024000575991016846
0.0002409353686649141
0.0002404594972479827
0.00024014994322106087
0.00023930899843803373
0.00023832317291445383
0.00023769279192959258
0.00023731363773620912
0.00023705969161008403
0.00023839519623032214
0.00023835828053822604
0.00023680546129526997
0.00023732386462264356
0.00023688470984182513
0.00023789623307802208
0.00023821691635056978
0.00023750258906162113
0.00023694081232692685
0.00023726987115744677
0.00023762636176594167
0.00023643642718747541
0.0002365362980931661
0.00023666063261493323
0.00023635299855718586
0.00023390547466735907
0.00023501455926340406
0.0002340456404265654
0.00023246827321548262
0.000233489374212924
0.00023215274297018335
0.00023235072665049974
0.0002333373060456148
0.00023424433765493872
0.00023369060071289256
0.00023240664471396526
0.00023282133876412051
0.00023406933197211166
0.00023261952221649183
0.00023196847656309062
0.00022905725801997804
0.0002292387952655609
0.00022700631625448153
0.00022618415029428176
0.00022558876900229986
0.00022475586409451958
0.00022492887301555834
0.00022504805882927307
0.00022496307770084444
0.00022405686500792289
0.00022394330372449604
0.0002224079229027633
0.0002228731385761144
0.0002223546714186074
0.0002236931539867059
0.00022329748692250084
0.00022273209908574602
0.00022290454682433593
0.00022378503080152122
0.00022326455149395495
0.0002229055207174297
0.00022421658931056563
0.0002237672882955431
0.00022562266846886512
0.00022678741933599336
0.00022839167527186928
0.00022748097143340468
0.00022719664673752992
0.00022620076267987365
0.00022592653959612222
0.00022653077543358463
0.00022664222617646025
0.0002257223552541568
0.00022633950286037087
0.00022452261840528044
0.0002247570894445702
0.00022365885521226334
0.00022455719718648647
0.00022374713818450832
0.00022444079034792313
0.00022348884155939797
0.00022364529462060183
0.0002231241368088601
0.00022414847494279028
0.0002256685605485528
0.00022539468944910674
0.00022561702234664643
0.00022476053976948332
0.00022463334883809574
0.00022511098088150733
0.00022462869613766823
0.00022523775316748485
0.00022505706860870243
0.0002229638757237288
0.00022284957677787826
0.00022339674885740542
0.00022318405302147197
0.00022168283661288464
0.00022241754956688585
0.00022293376723581663
0.0002227834172788436
0.0002232763540178441
0.00022395457847476045
0.00022359967778329121
0.0002238572486512924
0.0002228668727863724
0.00022159739838860338
0.0002207486338423783
0.00022042854451337425
0.00022229564999416056
0.00022146755453737466
0.00022255792788158937
0.00022263508972306752
0.0002212942802532955
0.0002213630191231705
0.00022143765429904003
0.0002221049851064055
0.00022209829185050806
0.00022135307174651946
0.00022200691041545926
0.00022104719763886007
0.00022016871145277925
0.00022118550596903654
0.00022117488962454347
0.00022138370468320918
0.00022103177908779244
0.00022147508968455934
0.0002200070631883429
0.00022008867002541572
0.0002201901938807154
0.000220408878525843
0.00022033255148441765
0.00022040381961379156
0.00022252574040115228
0.00022212480874810625
0.00022221436853919426
0.0002217465146634479
0.00022299538640379934
0.00022360984860575554
0.00022305923956146944
0.00022294603277843447
0.0002237193653076268
0.00022340960787223564
0.00022370006841872909
0.0002244117403706516
0.00022417141249361696
0.00022375088743910467
0.00022325550926642813
0.00022361449574690763
0.00022526828225699318
0.0002248783032350997
0.0002261837293837859
0.00022600502655063066
0.0002257168740853477
0.0002262998893743413
0.00022667252707710391
0.0002260487197260307
0.00022569017310452785
0.00022449844161230714
0.00022369629335952
0.0002229074401809802
0.00022330833793982732
0.0002246274970587056
0.00022312079903209504
0.0002227618634176779
0.00022282650855521842
0.00022304898344449288
0.0002223714863840797
0.00022200505174394496
0.00022226124978373755
0.00022349553132385643
0.0002235678598051369
0.00022385712726660133
0.0002254694661467235
0.0002260765587135618
0.00022546341926417795
0.00022551844896867012
0.00022557715007470662
0.00022534234049978897
0.00022590533596502854
0.00022484431246672798
0.0002246125709016751
0.00022451220303795313
0.0002242965308442652
0.00022456073976737022
0.00022244134900961942
0.0002228949818794955
0.00022202619579930963
0.0002213983493581242
0.0002220438157792503
0.0002223716877916966
0.0002215160768889643
0.00022088033708600973
0.00022019289380595654
0.00022104751117812792
0.00022173072269416222
0.00022125574581049716
0.00022161443950773928
0.00022154888310882507
0.00022237878692498879
0.00022206203573143173
0.00022287859332478509
0.00022399286687523057
0.00022399273152495002
0.00022447270882939319
0.0002230855073658442
0.00022440859252070028
0.00022278909590946322
0.00022350609350998724
0.0002236307956805647
0.00022346502806020328
0.00022212174561158634
0.00022187476178726283
0.0002217432229890282
0.00022066272735204887
0.00022179086682756118
0.00022268378203192738
0.00022344555629306802
0.00022304380100085386
0.00022210195088925755
0.00022117926367896742
0.00021976623504414304
0.0002209603973398896
0.00022032333827515753
0.00021988505579668768
0.00022042622058256948
0.00022031047357383426
0.00022014292076377593
0.0002188682493064946
0.00021834836128361505
0.00021820219882470672
0.00021767027982820325
0.00021709825924906922
0.00021833152137801468
0.00021778893651207357
0.0002177934953346991
0.00021675318402747143
0.00021638050983679928
0.00021559419134433387
0.0002160024293573938
0.00021675340319862128
0.00021782847709390872
0.0002171288960946177
0.00021693764434818657
0.00021847432121127247
0.00021956905953400286
0.000219011321299676
0.00021779789932508924
0.0002177915321038566
0.00021781022372361033
0.00021780673294428742
0.0002174180695652055
0.00021716993478497907
0.0002167728488679538
0.00021519930741797192
0.00021408433399117957
0.00021408325706289173
0.00021338590183733077
0.0002137381406247517
0.00021365115352069795
0.00021297585692409027
0.00021253571824530055
0.00021333209673725926
0.00021242117168293788
0.0002123216550554045
0.00021204419278353443
0.00021243962987808668
0.0002133539349919029
0.00021375877964495527
0.00021235315211664437
0.00021321347469063198
0.00021288749291255966
0.0002138456496345366
0.00021307998295585373
0.0002131301070046231
0.00021368368743480103
0.0002144684474900527
0.00021415100280863065
0.00021459670084892675
0.00021413174723700556
0.00021397544723351241
0.0002144385365681783
0.0002150466295857104
0.00021618718424266071
0.00021505329086851812
0.00021657406986049088
0.0002163382160395119
0.00021594323444378664
0.00021437499741100823
0.000214384259845286
0.00021453147748030205
0.0002143768523540498
0.00021387576557815014
0.0002148674706376491
0.00021429301101863452
0.00021349961894589413
0.00021464332546547964
0.00021427803082833962
0.00021450337294619338
0.000213665450315339
0.00021276371064528525
0.000211791467991089
0.00021305486652371404
0.00021385280805545848
0.00021370785352616166
0.00021412412917461518
0.00021369485826732294
0.00021364552008789684
0.00021258798792569414
0.00021175377079899553
0.00021278188146069683
0.00021291689773753807
0.00021231086623786055
0.00021265654400598965
0.00021283142115960182
0.00021224507591102146
0.00021435139384076628
0.00021418224008482503
0.0002135939775781366
0.00021280778270208476
0.00021280585163045018
0.00021251637644996075
0.0002129094898790529
0.00021251804378325914
0.0002133469267452355
0.0002133264601796318
0.00021292659216524937
0.00021297063925797898
0.0002128035344985474
0.00021228288535829527
0.00021297671366272478
0.0002137116638631181
0.00021399223343337623
0.00021412035396508382
0.0002145786137883181
0.00021490080573189865
0.00021481171253545338
0.00021528402923658968
0.00021548813769361308
0.00021513843734629278
0.00021479125376323404
0.00021484370532148897
0.0002148214670412555
0.00021432888457725762
0.00021444254874112957
0.0002141662844902184
0.0002143855499109423
0.00021414346158574903
0.0002136581645873191
0.0002138197421868575
0.0002133756196125298
0.00021247574238871176
0.00021221329343130903
0.00021139437742372915
0.00021083656886807257
0.00020987350596744694
0.0002118681071580206
0.0002112018237498339
0.00021019119608599145
0.0002094640003737211
0.0002082609346800207
0.00020783690718232796
0.00020896635870525822
0.00021022003566691002
0.0002110959270088297
0.0002110965282723873
0.00021135587330620506
0.00021061993161623232
0.00021012922103746785
0.00021181444956625947
0.0002129147816062778
0.00021299115153112998
0.00021307710190013464
0.0002134369709235207
0.00021295180516961372
0.00021293604601906478
0.0002140789694812992
0.00021231133782864626
0.0002120901381494539
0.0002122741900000608
0.00021294509547024516
0.00021355494897199647
0.00021278011702048326
0.00021329663936155862
0.00021222694755722126
0.00021262093411326426
0.00021191088107710076
0.00021176911827498263
0.00021347815801082664
0.00021324878440119984
0.00021293327822466632
0.0002123555025006779
0.00021253188121127015
0.00021164419178305106
0.0002114479906882174
0.0002116549128545381
0.0002112710509514357
0.00021098899251945286
0.0002111262245392715
0.00021053638261737677
0.00021017403046591864
0.00020997045186204374
0.0002100416716746435
0.0002099125562967152
0.00020895490167205312
0.0002077224202977024
0.0002076943533373352
0.00020746122195330912
0.0002073446517677518
0.00020833110261592264
0.0002079180643227193
0.00020773695586260159
0.00020871681034577747
0.0002076654910220545
0.00020841416739766284
0.00020833533478046084
0.00020817555428639676
0.00020832699690197416
0.0002074786793168336
0.00020849125599638676
0.00020837500716310934
0.00020872201142304344
0.00020915095758606355
0.0002084641694085077
0.00020955935386188205
0.0002092841708529801
0.0002096657687612907
0.00020937931321757735
0.00021091889719524712
0.00021103500432089357
0.00021045553638600277
0.00021119106653331996
0.00021251545138819473
0.00021306016593577887
0.000213159087383668
0.0002141408089319882
0.0002129720380227295
0.00021329043903111348
0.00021257900365000463
0.00021218920413247435
0.00021068337070345315
0.0002111757003565502
0.00021066835091947204
0.00021016070613945646
0.00021101544451579619
0.00021134034902626543
0.00021144987646523896
0.0002118139991129561
0.000212068684308363
0.00021307985906110065
0.00021395017820147508
0.000215184150870717
0.0002153089871747506
0.00021533072839820694
0.00021640005194385251
0.0002163623801482253
0.00021695964595601128
0.00021659451521154088
0.000216349612804241
0.00021555333318726058
0.00021741812033868572
0.0002171069903197096
0.00021786173396896026
0.00021841321045967945
0.00021911065468246054
0.0002188296045549493
0.00021880256504746317
0.0002185630263507215
0.0002183884415880579
0.0002179376143851433
0.0002190658480573852
0.00021747909419593317
0.00021805790097484144
0.00021876452729364593
0.00021872093664243692
0.0002183742796590701
0.000218287670534079
0.00021933074664463469
0.00022142335474093617
0.00022038442795340262
0.00022057267372498386
0.00022035497525747048
0.0002201730131534898
0.0002196830337672931
0.00021864192204754644
0.0002182947449346222
0.00021765789011553372
0.00021819777264001653
0.00021771749058279298
0.00021693213680039518
0.00021631438124016642
0.00021612103167488366
0.00021573854065078845
0.00021666832785199414
0.000216278441547961
0.00021708902602593082
0.0002158792053797284
0.00021692101012345293
0.00021715052275759523
0.00021656580289324491
0.00021605871713981204
0.0002168175606161585
0.00021632013666584687
0.00021599343650590923
0.00021568752344057078
0.0002148747196409829
0.0002155387831126363
0.00021571087871140367
0.0002168122722301542
0.0002165202168803548
0.00021605911865404354
0.00021585881364662212
0.0002158428315845294
0.00021620379472690068
0.00021715998954313664
0.00021834039835443866
0.00021711630132692115
0.00021819859688415472
0.00021698168100026054
0.00021792079822757635
0.0002173201493780917
0.00021644769443484468
0.00021622120903492492
0.00021702179985005473
0.00021652440758998772
0.00021580743690531687
0.00021611858366933938
0.00021605971603718538
0.00021629672116800985
0.00021744366806154025
0.0002169902534216496
0.0002158485535351401
0.00021613909042917325
0.0002169719619062179
0.00021753944267466168
0.00021825253415994877
0.00021750539702849455
0.00021594429654296594
0.00021667432461672223
0.0002157815258347122
0.00021633396276821837
0.00021729291395142694
0.00021762963483603994
0.0002176652402354208
0.00021752289939594056
0.00021692976218827553
0.00021771802660907057
0.00021741740755594946
0.00021618090702027267
0.0002173611853758637
0.00021644025547821216
0.00021681025813542922
0.00021585241115209104
0.0002166888552793445
0.00021615101892195462
0.00021685612944439926
0.00021712646319919888
0.00021733905981567052
0.00021629677064312255
0.0002173517797989837
0.0002168854837435983
0.0002177992646240082
0.00021825654364864065
0.0002185245695365729
0.00022002504028271179
0.00022079569288498398
0.00022081839479579012
0.0002210027107527007
0.00022146880696111325
0.00022091704107349655
0.0002207837241509749
0.00022071289290047033
0.00022096218462880357
0.00022101769571218388
0.00022038588408297667
0.0002196532869606078
0.0002181621213879167
0.00021858800408294956
0.00021844865801339057
0.00021795953282187234
0.00021782543912877476
0.00021820768335776322
0.0002169861157420621
0.00021687519807161694
0.0002160972350455321
0.00021594213829063632
0.00021613847891106754
0.0002145402262819806
0.00021324149066070944
0.0002132590604877465
0.00021292598658910933
0.00021357759686382435
0.00021244988838542149
0.0002125442931686585
0.00021298008347591329
0.00021396490388264256
0.00021449412504656408
0.00021483821989043878
0.0002145508438886114
0.00021414322945242944
0.00021406614268150567
0.00021311810458607525
0.00021402616233855663
0.00021369474461079696
0.0002136827997007656
0.000213667414126918
0.00021175499461734395
0.0002116994669594812
0.00021194493456903538
0.00021220564799967007
0.00021206787681999386
0.00021154884774379556
0.00021164964186388337
0.00021204149193362542
0.00021206448805316132
0.00021175143484236455
0.0002107800069322033
0.00021045456605186356
0.00021097325450607638
0.00021050834825742
0.00021066708119606885
0.00021130407338456898
0.00021038656465310546
0.00020903831249413475
0.0002097882763004624
0.00020966355123680508
0.00020867792817226257
0.00020766442819085274
0.0002072725190155318
0.0002068025290793408
0.0002068185241052287
0.00020709271921221412
0.00020730969697668568
0.00020839444075841402
0.00020821163761291532
0.00020760860365149028
0.00020683231145319662
0.00020671813545976477
0.00020672125232762715
0.00020763618552946113
0.0002080839983227788
0.00020829881630766905
0.00020869634372161836
0.00020899566958335948
0.00020841911899766678
0.00020723825652943528
0.00020670193254605177
0.00020590245278319963
0.00020675585333603918
0.0002074851754334197
0.00020651659664818896
0.00020713672025942121
0.00020602531220306622
0.00020494754519806738
0.00020555949094579204
0.00020544730152348775
0.00020465816543883004
0.00020455476860842324
0.00020481523957015157
0.00020501729349998123
0.00020449992932591873
0.00020447970184747026
0.00020551484254175583
0.0002057421849957267
0.00020517432043888978
0.00020560884459176694
0.00020500621215120693
0.00020413635945022162
0.00020467884360478994
0.000205070344478133
0.00020458977721845437
0.00020421287601417136
0.00020388932057743226
0.0002046944582308577
0.0002057274646784236
0.0002066871885115998
0.00020637730354909837
0.00020687488300155174
0.00020786677273344802
0.00020803555724232747
0.0002072202121983289
0.0002068873224956364
0.0002062830767634443
0.00020627465103171435
0.00020613665459352125
0.0002066709382835453
0.00020681656906610397
0.00020661583489237954
0.00020764302923396605
0.0002073669174799792
0.00020575226838230772
0.0002046126233579345
0.00020385569199335408
0.00020175103617169743
0.000203445445591409
0.00020420022927133182
0.00020395323139825542
0.0002027291284897901
0.00020274926738805143
0.00020226435483046987
0.0002023175607950533
0.00020242712680706312
0.00020335459239023506
0.0002025212238821727
0.00020260231648909998
0.00020307012587779066
0.0002029365364811945
0.0002030175644473898
0.00020362509642634196
0.00020352717258069464
0.00020375363794375155
0.00020346525082453918
0.00020407393493920742
0.0002040765562030609
0.00020365550837060078
0.00020390682202277814
0.00020264530844414462
0.00020287542232148772
0.00020252992147304344
0.00020190359011868232
0.0002021308889767851
0.00020263418378194836
0.00020316156290568573
0.00020356597704571466
0.00020417257445071057
0.00020500089944068986
0.00020497983089251063
0.00020478666697314697
0.0002049162242934119
0.00020464219534029724
0.00020554587692950437
0.0002062015682994864
0.000204909630571201
0.00020623536908541602
0.00020669030459644815
0.00020666763410793947
0.0002062908965351971
0.00020653592148740305
0.00020629499412643069
0.00020707728474991157
0.00020803344133462612
0.00020801851719173578
0.00020785780633566999
0.0002068581917659626
0.00020613384402424164
0.00020647317463232958
0.00020570568664376928
0.00020462619387465983
0.00020482129838644361
0.0002048359207481853
0.00020484937638984104
0.00020449338867580704
0.00020373367007716503
0.00020362855629325871
0.00020412490006147639
0.00020439076795711206
0.0002045364162002552
0.00020404241517611507
0.00020370235936603923
0.0002032328021200467
0.00020415970365897176
0.0002025823210129518
0.00020197217102356182
0.0002018678628489986
0.00020164284362632974
0.0002017888472127706
0.00020134356527785175
0.00020205748253531374
0.00020105430791990205
0.00020078985061067656
0.0002001487488499242
0.00019984588935959585
0.00020006824163199194
0.0002012079771276211
0.0002022629752123159
0.00020179536966423466
0.00020154908175731368
0.0002016818272432043
0.00020227334410169876
0.00020165801230338082
0.00020137324921652892
0.00020166979661947074
0.0002015906022155117
0.0002010292514592449
0.00020133983630232037
0.0002007861671779335
0.00020093269110562953
0.0002005563754430963
0.00020203880325909412
0.00020327705122165062
0.00020473972456513007
0.00020438299127299774
0.00020475449153904384
0.00020539029024469713
0.0002039899514469718
0.00020417565544977314
0.00020554965046195667
0.00020500102824259117
0.0002042115480346369
0.00020594148782744588
0.00020515370444190386
0.00020464180296587503
0.00020459948526479511
0.00020476224652339733
0.0002042460227252901
0.0002057228958383897
0.00020686450776794167
0.00020690116935467322
0.00020603587324303396
0.0002054884438178374
0.00020348795426120692
0.00020272910383649218
0.00020273278849520105
0.0002029062142523694
0.0002030407450840686
0.00020334503408672857
0.00020377379875110595
0.00020375772992751854
0.00020337315045675292
0.0002022697361070113
0.00020271523701325571
0.00020363389163585854
0.00020459540426564932
0.00020428991323098898
0.0002035806007941119
0.00020378924026886365
0.00020389904205079753
0.00020453553202847075
0.00020371551479188348
0.00020520384770818568
0.00020540367126615556
0.00020592941627764328
0.00020655571425418038
0.00020574960935941912
0.00020578695218020988
0.00020580810397579442
0.00020555967557295748
0.00020561885141078315
0.0002047987656814379
0.00020465141278993223
0.0002035978465698005
0.0002047568141316897
0.00020439434332820088
0.00020523609275346628
0.00020493256175494056
0.00020504559340582494
0.0002055152137826779
0.00020479743763354935
0.00020574234544111776
0.00020620417103913062
0.00020661152361473183
0.00020634505203187697
0.00020540802861732346
0.00020553413074854798
0.00020718584713776345
0.00020788367227969018
0.00020711429666704021
0.0002074906155623148
0.00020820048204968548
0.0002081825309038155
0.0002072017043815647
0.00020610447218799848
0.00020564253983388573
0.00020648010594379428
0.0002060896917601928
0.00020696791695894376
0.00020782415901970336
0.00020864280279649284
0.00020810785120000893
0.00020886497731185025
0.0002090214215158595
0.00020837302953180274
0.00020710229209024405
0.00020755064634737645
0.00020777423404161417
0.00020660056560681806
0.00020714375394049745
0.00020616231965140782
0.00020643470434162135
0.00020749260644472903
0.0002080420090850366
0.0002078716018181624
0.0002072786021559956
0.00020614363555936988
0.00020552944281987965
0.00020572487170393317
0.0002074863972777761
0.00020715603585969746
0.0002069139816434537
0.00020743349190812055
0.0002072521380166137
0.00020631004485934884
0.0002072981921657499
0.00020744557194713766
0.0002067916750692986
0.0002072714926267532
0.0002077148785490842
0.000208440396364619
0.00020817662928302027
0.00020672775406795947
0.0002074231425895612
0.0002066239774843573
0.00020664543890615568
0.00020714623490148461
0.00020636542192029798
0.00020620553366841983
0.00020612260285663897
0.00020464857061635268
0.00020487240740694207
0.00020436571401533446
0.00020394289231729157
0.00020361328743555225
0.00020352800358409861
0.0002040676171720424
0.0002036393292516565
0.0002041169750376117
0.00020368778424357113
0.00020446763917993688
0.00020355761831412024
0.00020378093573937518
0.00020399547047750334
0.00020299177755401512
0.00020302804614883387
0.0002023281784686765
0.00020346744993871642
0.0002026922289339275
0.00020203449908050332
0.0002016607854493413
0.00020051310986379017
0.00019999190451985241
0.00020016870929613525
0.00020019100944766456
0.0001995775795238858
0.00019969369938007374
0.00019919991283987788
0.0002003578363786838
0.00020076136985899406
0.0001993075236286545
0.00019955206053170582
0.00019920811876699286
0.0001988644970677989
0.00019793656673002438
0.00019725500424846656
0.00019776083631283217
0.0001988804532297742
0.00019981976169164837
0.00019936710107406743
0.00019887177683025156
0.0001987849536617055
0.00019795060261818106
0.00019862919816148668
0.00019930188582026502
0.00019941870178181482
0.00020024192668107414
0.00020037839045644772
0.00020195358631918612
0.00020093292213701764
0.00019892141734688404
0.00019887639798595285
0.00019937905827372337
0.00019913877659587717
0.0002005578794087488
0.00020121844248427982
0.00020244902554340913
0.00020318974483479402
0.0002039079188056332
0.00020339759210677083
0.0002029342625139666
0.00020331915288379556
0.00020283256236891067
0.00020357263124443447
0.00020307494115565423
0.00020279112141480832
0.00020204303833585072
0.00020155875261660864
0.00020098053284064006
0.0002013370116992744
0.00020046569267371652
0.0001993092554878927
0.0001988719266252398
0.00019930285311945778
0.0001984666204689263
0.00019832806235586914
0.000198698689898948
0.00019874982611789918
0.0001997839526773116
0.00019932780220002858
0.00020037067016218126
0.0002008850703377492
0.0002006266830908304
0.000200825223998966
0.00019970996087347785
0.0001995204590815735
0.00019846595517777562
0.00019827329571984627
0.0001983730949100332
0.0001971140451037607
0.00019750956088892407
0.00019783842504160254
0.00019631566878070483
0.0001957834957776466
0.0001961911710396755
0.00019650659120563216
0.00019566470800813318
0.00019466735435716092
0.0001951804570627067
0.00019630412748746745
0.00019544699299590506
0.00019430474418615813
0.00019371728380845633
0.00019266388181023045
0.00019145835303629321
0.00019125880830320004
0.0001908295792625512
0.0001907744942978006
0.0001897409920948713
0.00018943576913725923
0.00018966395993644567
0.00018922433867758087
0.00019014617246088835
0.00018998184492175578
0.00019068432603387394
0.00019035064048168444
0.000190165276711461
0.00019020880347244472
0.0001896909260816846
0.00018990578869806005
0.000191818288626005
0.0001912363447070783
0.00019035640793428767
0.00019035346827922796
0.00018934235203710607
0.00018911231240419189
0.00018858851828039772
0.00018881248638315427
0.00018916603031760842
0.00018992966744309185
0.00018855274677132884
0.00018945837054300396
0.00018943632138733934
0.00018896236654952168
0.00018863263945861114
0.0001877925821586762
0.00018775826922953594
0.00018815853431595626
0.0001887328617738161
0.0001896702592327308
0.00018835104422138262
0.00018795040901589292
0.00018783219901782568
0.00018718141736573949
0.00018651648265015017
0.00018715054132300928
0.00018672905380345852
0.00018688909151415637
0.00018546915779845996
0.0001854322779408594
0.00018535507486551787
0.00018438712196479432
0.00018431433352957628
0.00018362157277819501
0.00018359655082952154
0.000182142370604523
0.0001823054826484835
0.00018295859921771838
0.00018272985843481693
0.00018360979284513056
0.0001837385605220108
0.00018360652415247173
0.00018359747844617983
0.00018326528597595228
0.00018264101100196457
0.0001811636050002226
0.00018137942358501105
0.00018235092229773077
0.0001819529011636357
0.00018175767338614722
0.0001825179626755946
0.00018301166276450854
0.00018245213089418833
0.00018244808374472525
0.00018324689692004803
0.00018198580325576685
0.0001818382920144853
0.0001822110861584876
0.00018306026457304804
0.0001832940383397521
0.0001846329700944887
0.00018458341457768584
0.0001846408834462696
0.00018508661377730602
0.00018644202996341002
0.00018678111481880714
0.00018713858236313343
0.00018799215017890764
0.0001871934550870148
0.00018832987919585964
0.00018911869386629797
0.00018900812013200716
0.00018767000898932092
0.00018908574489473132
0.000187955030687039
0.0001882657060838435
0.0001885480486494232
0.00018927744517409565
0.00018948803051660256
0.00018981245190775655
0.0001889709530102444
0.00018841426286204043
0.00018741012154989845
0.0001887109183291844
0.00018915444954122575
0.00018852927727008203
0.00018710521741360748
0.00018642189198908615
0.00018558611648936864
0.00018444112871368853
0.0001835146714341167
0.0001838484813918725
0.0001824785220833508
0.000182360403008804
0.0001836969209206851
0.00018170709276041586
0.00018140675772701091
0.00018096405250692465
0.00018045005411980615
0.00018034012500334974
0.00017973587227128448
0.00017919696307588107
0.0001797997003955392
0.0001788265561665002
0.0001796836603756106
0.00017942529704967534
0.0001777735436270037
0.00017837911002692628
0.00017867470771195328
0.00017932822916807552
0.00017969470219188037
0.00017880865824996037
0.00017893108732708766
0.00017911953136865417
0.00017972623564233172
0.00018022215853033186
0.0001799870137399282
0.0001796341659274
0.00017887331280334594
0.0001793500857517403
0.00017842965528992055
0.00017866717110777492
0.00017829104703468126
0.000176629425083841
0.00017712950546293322
0.00017602677797721116
0.00017600769103943861
0.0001755658146374518
0.0001758484501871416
0.00017512289343253178
0.00017511744531242604
0.00017583960021924004
0.00017544705183585008
0.00017595481403126018
0.00017535350641600993
0.00017541049721785012
0.00017588694903849267
0.00017582938073520358
0.00017602843454513612
0.00017705854638898772
0.0001784510812066636
0.00017843070139771328
0.0001795271164718669
0.00017806596290836707
0.00017767368705665104
0.0001771647624221556
0.00017573900122456437
0.00017538251953414264
0.0001750879925131928
0.00017513639105585762
0.00017550964452038562
0.00017511891425249488
0.00017525212854539217
0.00017577626361619543
0.00017506076782544506
0.00017567574412439071
0.00017566230026704085
0.00017500207924720613
0.0001746414512742368
0.0001747607145600393
0.0001734135393766148
0.00017460730135871903
0.00017491013248479185
0.0001753730957010882
0.0001763032563788122
0.00017552321282995615
0.00017457838722878343
0.00017452711155876874
0.00017447239316026883
0.00017357552105853004
0.00017311691948373862
0.00017364443642623384
0.00017336140419244318
0.00017435229262014316
0.00017444956227639317
0.00017475209421896065
0.00017457360515267948
0.000174051532139538
0.00017555318314869568
0.0001759755040983317
0.00017541431508242764
0.00017514731908495348
0.00017441428554586575
0.00017391271590695264
0.00017407648105441872
0.00017379208473986628
0.00017372750922516495
0.00017413609368591284
0.00017426973519675065
0.0001742328659311579
0.00017464604374918774
0.00017427837853069015
0.00017458261972410236
0.00017525938369539
0.00017576052649857427
0.00017486240471953495
0.00017596131392654988
0.00017628610334501448
0.00017661465382626227
0.0001769732691633298
0.00017712402617659864
0.0001768165910224741
0.00017732663782022058
0.00017742861351926963
0.00017767065582882747
0.000176483036259548
0.00017754819944715188
0.00017783036470992607
0.0001784763981484205
0.0001791414987470226
0.0001796198172082446
0.00018050313598152182
0.00018048313588465894
0.00018061730954856383
0.00018122039342625582
0.00018101667117304866
0.00018137835658347265
0.0001818811478219876
0.00018277621064714385
0.0001841370305140857
0.00018400592785770392
0.00018359404206030414
0.00018448286933929345
0.00018398153173021845
0.00018540579255621088
0.00018604782674700745
0.00018602493851964204
0.00018674308769660693
0.00018544733331312953
0.00018488656047093623
0.00018526422794057625
0.00018495332572182122
0.0001868717468973583
0.00018635798793563795
0.00018520593455932102
0.00018391334827404
0.00018375729065545884
0.00018478551927870267
0.0001854889468927437
0.00018564811087702575
0.00018631771358988195
0.00018675910750611747
0.00018663785218782638
0.0001856671275057094
0.00018602002331122677
0.0001860006187485318
0.0001857774015490914
0.00018554967958540487
0.00018475757367225452
0.0001848411880871157
0.00018529928660923167
0.00018588064170020567
0.00018537282402945258
0.00018642316892630782
0.00018516879532118983
0.0001855101248709518
0.0001859376241785409
0.00018601541782743233
0.00018641860854734833
0.0001854134864252184
0.00018466366860385555
0.00018478738563065637
0.00018580696026457386
0.00018676766694468598
0.00018713165759546698
0.0001870347725027448
0.00018688424332031673
0.00018770792558124997
0.00018779193095016063
0.00018774016737800896
0.00018863352432475298
0.00018864961465951734
0.0001884193271693199
0.00018893379634323478
0.00018819603962724974
0.00018928866689833088
0.00018957238019918352
0.00018787998381981604
0.00018772829525880603
0.00018748234197137547
0.00018657235792957566
0.0001868766027414389
0.00018670385694315964
0.000187094623460231
0.00018630355943102846
0.0001867915034149749
0.00018790287589160547
0.00018732757644476065
0.00018603229893404975
0.00018666147208040243
0.00018627018944534945
0.00018632910815040817
0.00018510540761356516
0.00018603402181042815
0.00018628741331062134
0.00018723269003499216
0.00018758626619203456
0.00018802520895641023
0.0001873065475111884
0.00018860423722108052
0.00018828682410474928
0.00018737581625077272
0.00018881893439028053
0.00018857216295139069
0.00018851605398968957
0.00018857846028702227
0.00018829622800256498
0.00018841833546521213
0.0001882397782855936
0.00018864121371329985
0.00018861236239967554
0.0001880606523116614
0.00018757889736091917
0.00018757239771592402
0.0001881521112274654
0.0001876561588452637
0.00018881075969463216
0.00018941807351301928
0.00018927705864356517
0.00019021667544510173
0.00018938251268033716
0.00018948889152347828
0.00018956410885286726
0.0001896804292360801
0.00018926065055764564
0.00018847711250743305
0.00018858600664009134
0.00018775871829193299
0.00018762950077613473
0.00018643511247324286
0.00018693039029667318
0.0001873691195085388
0.00018692023045864458
0.0001866577553989728
0.00018680681979050135
0.00018778062304219677
0.00018774154463326704
0.00018793277256368935
0.00018838432916954055
0.0001883391855489615
0.00018825170013856096
0.00018893721437067152
0.00018946457954872664
0.00018883277484169457
0.00018694431697954862
0.00018686628736287972
0.00018635671807186801
0.0001850185995863286
0.00018467524661647881
0.00018469677261190675
0.00018342654099070052
0.00018312593722341405
0.00018250978502024903
0.00018151753711302148
0.00018062053429117024
0.0001808859115566663
0.00018024610975797843
0.0001812198203688709
0.00018090551210554726
0.00018058336320658338
0.00017885186775291748
0.00017930956749127652
0.0001809853696327756
0.0001803311175543495
0.00018148369140071253
0.00018129184544656446
0.00018079267325211686
0.00018098545295003356
0.00018147838240144588
0.00018080306562325588
0.00018101003806707684
0.00018074750692350223
0.0001810628296647817
0.00018134065764280967
0.0001807526882572477
0.00018130138131431344
0.00018055339439535564
0.00017981778526483856
0.00017961449189554215
0.00017953239134784802
0.00017998488482881867
0.0001799091230321084
0.00018015458751632582
0.00017918032137991593
0.00017978711671336582
0.0001809887449160224
0.0001812972327684713
0.00018215670549266792
0.0001812138614852384
0.00018123727235497868
0.00018269655759404032
0.0001834208119533685
0.0001831075422891544
0.00018280349092691332
0.00018255412072387884
0.00018091066152373445
0.00017956963590825235
0.00018062045730624814
0.00017890451304916738
0.00017831694122276531
0.00017785438571239483
0.00017807599548123288
0.00017851920212515234
0.00017907431087121604
0.00017842570020418143
0.00017911218618763824
0.00017841031289225604
0.00017746150738393238
0.00017648612638778956
0.0001759294209813547
0.0001762469909443396
0.00017520771146218705
0.000173062144363769
0.00017368354534584842
0.0001738567308326062
0.00017434610179021656
0.00017590273825760308
0.00017694924523132093
0.00017693428917360383
0.00017695434816932348
0.00017560494051839927
0.00017526232426055404
0.00017452173653681054
0.00017424209684667265
0.00017445265545583838
0.00017528560104096593
0.00017409403456355389
0.00017339036192543547
0.00017407533764580166
0.00017479236561384451
0.0001744066202361942
0.00017468865415034556
0.00017525289462802857
0.00017511224801970888
0.00017469574854839357
0.00017471045093228705
0.00017568837477009814
0.0001752028549897564
0.00017521682037610766
0.00017585512535781323
0.00017490147456988034
0.00017520268376760632
0.00017426833653956303
0.00017222769484089313
0.00017222699704615648
0.00017166532498828383
0.00017292792853243418
0.00017314130953714952
0.00017263495525178497
0.00017151465275576516
0.00017141383096414676
0.00017149407617579433
0.00017122476660562678
0.00017208364177486482
0.0001703111260435303
0.00016901938960557297
0.00017082648215760473
0.00017081117628054294
0.00017135751348757458
0.0001706933871620161
0.00017137678363658506
0.00017084406809509908
0.00016929002523376335
0.00016829871257786498
0.00016871795158092086
0.00016956947997519447
0.00016913058898347736
0.00016807581555648067
0.0001672217695671421
0.0001682019363945555
0.00016851283911805347
0.000167940783845301
0.0001686892263649229
0.00016941698303298062
0.00016994080297448903
0.0001701218065079811
0.00017022063348225258
0.00017009353155462737
0.0001684677775480249
0.000168256698842351
0.00016845093575447461
0.0001683326108069194
0.0001681930281932037
0.00016884386118410936
0.0001684470717159569
0.00016927466831534642
0.00016911678604350898
0.00016965003996619472
0.0001696362206634661
0.00016895560950628495
0.00016997136114024124
0.0001705169431538572
0.00017099970789314205
0.0001713413753902544
0.00017059906798659317
0.00017025091805409723
0.00017027393020852894
0.00017149843901224747
0.0001715605800845729
0.00017078461587076744
0.00017037612198917389
0.00017059723774128438
0.00017042123520655513
0.00017008313222473145
0.00017036015337331062
0.00016865396442269535
0.0001690380841663184
0.0001687979999915844
0.00016970980416927814
0.00016846649273942666
0.0001701698899446266
0.00017070206578927253
0.00017071395715911335
0.00017021692058057013
0.00016834599239061944
0.00016792377584345396
0.0001677762063504652
0.00016777796215860133
0.0001683984487564941
0.00016748364111875187
0.0001677172385160541
0.00016741087621728387
0.00016803734416055295
0.00016847218022644948
0.00016833919036919387
0.0001681624217351223
0.00016661100712063142
0.0001659119953631282
0.00016663781893803915
0.00016575011240238115
0.00016653916281817035
0.00016688083546616454
0.0001674251952346467
0.00016679983700166955
0.00016695898308806772
0.00016732012892370504
0.0001687333709526654
0.00016823695871498744
0.000167918578835652
0.00016842565567822107
0.0001692687029164256
0.00016922747604661905
0.00016979020639833924
0.00016819418877822925
0.00016767362636644883
0.0001685824127828775
0.00016709613901007855
0.00016672120593555335
0.00016744584170310338
0.00016868381716619795
0.0001698828406973984
0.00016892217637641213
0.00016958592484834988
0.00016963408781576122
0.00016868875324003107
0.00016877768101759984
0.00016935589472043654
0.00017034918516207296
0.00017063399142180186
0.00017008124360323252
0.00016852314636932986
0.0001699300756852983
0.00016885174700615398
0.00016914769760769416
0.00016957078173432004
0.000170915116745646
0.00017219019901395618
0.00017193502532823537
0.00017106686074691826
0.00016964793458605488
0.00016965767258927383
0.00017023817638360522
0.00017188627763125986
0.00017050940553633805
0.00017056132612795698
0.00016935036025422217
0.0001722333560414713
0.00017280303124524111
0.00017241246109403442
0.00017354643108415
0.0001745799151530157
0.00017492521576928496
0.00017417049430578168
0.00017665408313191226
0.00017786097122011023
0.00017884475132583938
0.00017819603637004425
0.00017864476929485034
0.00017864118580563745
0.00017918699229898464
0.00018071396643980282
0.0001796144432286321
0.00017946593201437393
0.00017752382407456614
0.00017824749077181997
0.000177667819601554
0.00017723617030049972
0.00017736404180736167
0.00017776667360533004
0.0001787057155163661
0.00017894110475985837
0.00017809029099164362
0.0001786817664390048
0.00017921502305701532
0.000179157130946312
0.00018045925134651297
0.0001795890921732252
0.00017945038893735443
0.00017997237489449154
0.00018023634981670958
0.00017792861508347804
0.00017702175651499857
0.00017664104067185673
0.00017763053960057838
0.00017823853816053894
0.00017784593458553105
0.00017698118777115758
0.0001770292226656228
0.00017804917913071477
0.00017808249914057572
0.00017901419410027683
0.00017842507494112098
0.0001793444086739287
0.00017958751697756464
0.0001799776344833238
0.00017929505503606614
0.00017986634805677656
0.00018104900427685114
0.00017918744499704245
0.0001802444366524778
0.0001803144935413791
0.0001795534347308613
0.00017861682954337481
0.0001791583777992065
0.00017952376360836326
0.00017970085667275563
0.00018054588589366385
0.00018104078930580546
0.00017965320609184012
0.00018007976431779187
0.00017998431396740687
0.0001789458883123269
0.00017826257127117833
0.0001783731489044087
0.00017955682426381504
0.0001797390265544467
0.00017733621989440227
0.00017835356978325228
0.0001773074892081929
0.00017720915571634832
0.00017590849258470256
0.00017434070615449904
0.00017516211703763542
0.000174032550715868
0.00017274188512183544
0.00017446552933854346
0.00017563781829344564
0.0001763968903383898
0.0001772415478287978
0.00017791886592843166
0.00017815674748356778
0.00017751323270387239
0.00017863785216867676
0.00017799900582022446
0.00017833261508839928
0.00017903681017051562
0.00017896886974030758
0.00017804811881705048
0.00017763217380106826
0.00017703194807784132
0.00017687755043415822
0.000176707274665974
0.00017567302021309405
0.00017629260897143481
0.00017739929378821515
0.0001773459872981084
0.00017789719242631628
0.00017905295847537718
0.00017957630387648423
0.00017890529196331624
0.00017815871742909601
0.00017651188392942742
0.00017585222837313762
0.00017609425567883868
0.000177127011773615
0.00017719129042033732
0.00017574475152706213
0.00017256000589360205
0.00017280188670470357
0.0001724494758731929
0.00017177206473234258
0.00017206251646471052
0.0001723464474450412
0.00017306153936920193
0.00017325346417371436
0.00017357222414080394
0.0001738500439848073
0.00017414478174065086
0.0001744407704542925
0.00017470955426071653
0.00017395745266205265
0.0001758725677063296
0.00017543047972902914
0.00017673360159738873
0.00017536370861082973
0.00017582842530452773
0.00017758807182787978
0.0001770275563387947
0.00017649141033342186
0.0001773233160310189
0.0001784546526986769
0.00018024620990484024
0.00018074606117491604
0.00017918996609932392
0.00018001191080469487
0.00017798711229394815
0.00017829741092071608
0.00017734875250904268
0.00017682710576102681
0.00017767469810785934
0.00017763681571402706
0.00017811595510985198
0.00017959922143520618
0.0001800970967352409
0.00017999259165952258
0.00017896630536265275
0.00017801913488684713
0.00017885090951048476
0.00018114004282111104
0.00018136919821813347
0.0001807272317029282
0.00018193020011473074
0.00018249802206088238
0.00018149202351399812
0.0001816875065376093
0.00017962363372839258
0.0001798282114971502
0.0001802441497292963
0.0001811986072936751
0.0001818267903013355
0.00018141709599345048
0.00018170962804953282
0.00018191485873009827
0.00018289483506130462
0.00018348275103582904
0.00018611907174031765
0.0001868966087636792
0.0001868937201833185
0.00018572909518389298
0.00018532047202358785
0.00018458555082842405
0.00018275219559040192
0.00018300705421868236
0.00018262207448272884
0.00018082962381773737
0.00018099027612550979
0.00018074451503748484
0.0001816630070296404
0.0001830517860801608
0.00018484923133444745
0.00018463139503331413
0.00018556630784698718
0.00018695663636891633
0.00018849892807899405
0.00018908042757979592
0.00018858886320853122
0.00018943693595278104
0.00018843850047019843
0.00018737481688323694
0.00018825400542043784
0.00018733127877271775
0.00018797466003571436
0.00018697195766765996
0.00018683167520810906
0.00018506315862129808
0.0001849958694632322
0.00018371838322797586
0.00018375161034646424
0.00018236061630666944
0.00018102686153033596
0.00018183101460580992
0.00018185263516835008
0.00018162943051400101
0.00018076837522465995
0.0001799705283230101
0.0001801400692604747
0.00018012032777107995
0.00017866180727053415
0.00018036098319443428
0.0001800776844360474
0.00017989150697204678
0.00017901191656043513
0.00017736424768092992
0.00017730538141389005
0.00017849620527048168
0.000178067903313276
0.00017821490550460448
0.00017807754339958535
0.000177599739194877
0.00017580466875434826
0.00017521768635049375
0.00017589256915547227
0.000177014737851276
0.00017553763012681558
0.00017654972856945544
0.00017664235374846557
0.00017492978256743928
0.00017353825585641233
0.0001723462298472025
0.00017215949274052632
0.00016974729849915436
0.00016941347499467972
0.00016967362160433822
0.0001696765122449987
0.00016975000031324051
0.0001702664526696506
0.00016822454107152742
0.0001686143138070954
0.0001688091409147624
0.00016910108671524366
0.00016923758938976595
0.00017067494287735944
0.00017018505546839702
0.0001700866744755556
0.00016864795212911477
0.000167949248678933
0.00016551507438721113
0.000165181958648921
0.0001647580657134012
0.0001668130332588932
0.00016657311345969533
0.00016459707794070773
0.00016514165210067272
0.00016503827079737687
0.00016455086367598
0.0001649606906028044
0.00016449919133983433
0.00016372747375523324
0.00016580874217644675
0.00016858744087565076
0.0001666527201532797
0.00016630777805619391
0.0001656076432834995
0.00016742684671987483
0.00016966151676514306
0.00017026811407687303
0.00016952662839616627
0.00016827435670690576
0.00016872879414241517
0.00016814917912194629
0.0001687145410131255
0.000167975947442587
0.00016764221325748607
0.0001678620263669303
0.00016623893721114924
0.00016612018579501993
0.00016549830057392356
0.00016383043333089665
0.0001638700153672537
0.00016500500311113746
0.00016595778071829247
0.0001673586261608638
0.0001688799674890226
0.00016909269772969753
0.0001705474177116162
0.0001698319162019976
0.00017050984693179843
0.00016989189531721997
0.00017092668420888793
0.00017019258625690852
0.00016815784322214006
0.00016749695675725434
0.00016555234668205423
0.00016370714795175612
0.00016425781197763474
0.0001625654027385596
0.00016388466585223955
0.000162873896922622
0.00016244764858753917
0.00016330730740976118
0.0001631568773867059
0.00016234535455150262
0.00016266861162771322
0.0001604860768673344
0.00015905104372385614
0.00015860542439059114
0.00015882029773237326
0.00016020486962174769
0.0001593391090103973
0.0001607495017049974
0.00015855666883417136
0.00016003467878638756
0.0001601930771498459
0.00015872647017288306
0.00016214627810181052
0.00016293900287565535
0.0001631391400143432
0.00016394255531181296
0.00016439958406833886
0.00016525212433455376
0.00016411272163169014
0.00016314372341711658
0.0001633002995487393
0.00016103368697852855
0.00015912236515583334
0.00015957237655350124
0.00015856299060526785
0.00015753448635191973
0.00015893946384936596
0.00015755340033144215
0.00015779362063604628
0.0001585927120203799
0.00015879335232544517
0.00015931999314568816
0.00016016222905874662
0.00015909063601574118
0.00015930128293891444
0.00016014275072586803
0.00015904202948563559
0.00016000923726969726
0.0001612912031528418
0.00016354354219477735
0.0001645531993207939
0.00016401620263348753
0.00016421390569109726
0.000164461629796254
0.00016396286486183368
0.00016130188601938994
0.000160745438275196
0.00016078933379083614
0.0001597566225688082
0.00015880751190112225
0.00015999984407293212
0.00016139985516441064
0.00016304302112081262
0.00016333803383099368
0.0001632170186029698
0.00016475299616074268
0.0001649050564509622
0.00016320153991633842
0.0001642998975471565
0.00016336124854771921
0.00016357737474331614
0.00016432326941465136
0.0001630233493849801
0.00016542323702566027
0.00016203912307329968
0.00015994890340782674
0.00015863427335408362
0.00015868418711285172
0.0001571098440115844
0.00015572032106496377
0.0001552730548268524
0.00015644778693277078
0.00015444373677589836
0.0001554246139155918
0.00015581253241068915
0.00015736589518998976
0.00015493199108803827
0.0001547475350548168
0.00015596284971052633
0.00015881432416486177
0.00015875337677739626
0.00015903375294621858
0.00016116621286580012
0.0001602989832277291
0.00016063467038067675
0.00015718191289605893
0.00015742510657254733
0.00015658170156689877
0.0001530987916000306
0.0001530852711664288
0.00015185391555240583
0.00015300447249044452
0.00015278448383430592
0.00015309802147579966
0.0001515907096399916
0.0001537699999471483
0.00015164530614817853
0.00015250178891054
0.0001492758903390645
0.0001477436886227297
0.00015066504644234953
0.00015150008852364842
0.00015339001019021412
0.0001496286714077863
0.00015060520051070328
0.0001524166328959679
0.00015295300638251092
0.00015108253492451823
0.00015292573478046454
0.00015124057085778476
0.00015199411522055705
0.00015288816459346262
0.0001528249375234651
0.00015263676404550034
0.0001517822962915916
0.0001492504032259895
0.00014837189495297572
0.0001507131682653172
0.0001512176708053639
0.0001529157851104935
0.000149649805768454
0.00015133090949375378
0.00015157079802663977
0.0001533011212132744
0.00015272904417220706
0.00015065827368943393
0.0001501884793373993
0.00014945135486478568
0.00014909913933177415
0.00014681490428347736
0.00014587303014121733
0.00014565906791136503
0.00014771907271332813
0.00014648279971704202
0.00014676038476050634
0.00014855553633618182
0.0001492686559325306
0.000149179945981292
0.00014786159351000948
0.0001428384130082703
0.0001451082063511358
0.00014549060956442353
0.00014157471364912438
0.0001414793710993481
0.00013905203127158967
0.00013882145378859076
0.0001393645306371986
0.00014212137751768017
0.00013963696866916965
0.00013847147151438693
0.00013725464467518618
0.00013747379062157783
0.00013648664606585257
0.0001366575336516678
0.0001384735979095635
0.00013663865824068734
0.00013789995966749697
0.00013793493754088185
0.00013791081967678875
0.00013847489852141081
0.00013756905185207974
0.00013677231680866774
0.00013375925004667085
0.0001330522730507238
0.00013205337783290085
0.0001307717976913437
0.00013191475011273507
0.0001299372748517489
0.000132186409490556
0.00013246476202915164
0.00013075692535485534
0.00012838109292501027
0.00013292844117214193
0.00013372752780912203
0.00013069139899220288
0.00012964568151702205
0.00012788838008782424
0.00012620839471376628
0.0001263149472377102
0.00012918340295836185
0.00012840426151959194
0.00012513656486740784
0.00012539840728554246
0.00012500517105820598
0.00012292261959555151
0.00012104954850499457
0.00012704170209144173
0.0001271683530391582
0.00013072132189307397
0.0001314592065882541
0.00013375628041863694
0.0001366348507325187
0.00013760229764608564
0.0001319490417267191
0.0001309469616401001
0.00012604029613876196
0.00012787790549079992
0.00012657308796220937
0.0001228075168889569
0.00012466174226909667
0.00012710636940024362
0.00012091597215622805
0.00011913154777170386
0.00011808374964686433
0.00012062711011713778
0.00011884056814849962
0.00011805050277336546
0.00012601187168576302
0.00011948520882503424
0.0001212149492779863
0.0001253019231385595
0.0001249106702582695
0.0001338576220342972
0.0001335155643761633
0.00014525833804143265
0.00014448366186121787
0.00013339830114693295
0.00013408049202490768
0.00012993057806012052
0.0001210379276889935
0.0001239792655225667
0.00010435634947488717
8.399945454280359e-05
7.751419871574976e-05
5.037490705802392e-05
1.546860210831594e-05
6.269835939131767e-06
1.4572204207583532e-06
1.6389092150000154e-07
