1.2
1.1995503606098992
1.1991007212513787
1.1986510819244622
1.1982014426291736
1.1977518033655365
1.1973021641335746
1.1968525249333117
1.1964028857647717
1.1959532466279785
1.195503607522956
1.1950539684497277
1.1946043294083177
1.19415469039875
1.193705051421049
1.1932554124752381
1.1928057735613415
1.1923561346793834
1.1919064958293877
1.1914568570113786
1.1910072182253801
1.1905575794714167
1.1901079407495123
1.1896583020596911
1.1892086634019776
1.188759024776396
1.1883093861829703
1.1878597476217252
1.187410109092685
1.1869604705958738
1.1865108321313163
1.1860611936990366
1.1856115552990596
1.1851619169314096
1.184712278596111
1.1842626402931886
1.183813002022667
1.1833633637845706
1.1829137255789242
1.1824640874057522
1.1820144492650795
1.1815648111569308
1.1811151730813307
1.1806655350383042
1.180215897027876
1.179766259050071
1.179316621104914
1.1788669831924299
1.1784173453126436
1.17796770746558
1.1775180696512644
1.1770684318697213
1.176618794120976
1.1761691564050536
1.175719518721979
1.1752698810717777
1.1748202434544743
1.1743706058700945
1.173920968318663
1.1734713308002056
1.1730216933147473
1.1725720558623132
1.1721224184429289
1.1716727810566194
1.1712231437034104
1.1707735063833273
1.1703238690963955
1.1698742318426403
1.1694245946220874
1.1689749574347623
1.1685253202806904
1.1680756831598975
1.167626046072409
1.1671764090182508
1.1667267719974483
1.1662771350100274
1.1658274980560137
1.165377861135433
1.1649282242483112
1.164478587394674
1.1640289505745471
1.1635793137879569
1.1631296770349289
1.162680040315489
1.1622304036296636
1.1617807669774782
1.1613311303589593
1.1608814937741325
1.160431857223024
1.1599822207056603
1.1595325842220672
1.1590829477722708
1.1586333113562977
1.1581836749741738
1.1577340386259256
1.1572844023115791
1.156834766031161
1.1563851297846977
1.1559354935722153
1.15548585739374
1.1550362212492988
1.154586585138918
1.1541369490626243
1.153687313020444
1.1532376770124038
1.15278804103853
1.1523384050988499
1.1518887691933897
1.151439133322176
1.150989497485236
1.1505398616825961
1.1500902259142833
1.1496405901803244
1.1491909544807462
1.1487413188155755
1.1482916831848393
1.1478420475885647
1.1473924120267787
1.1469427764995082
1.1464931410067802
1.146043505548622
1.1455938701250605
1.145144234736123
1.1446945993818365
1.1442449640622283
1.1437953287773257
1.143345693527156
1.1428960583117467
1.1424464231311247
1.1419967879853177
1.141547152874353
1.141097517798258
1.1406478827570603
1.1401982477507873
1.1397486127794665
1.1392989778431257
1.1388493429417923
1.138399708075494
1.1379500732442585
1.1375004384481133
1.1370508036870863
1.1366011689612052
1.136151534270498
1.1357018996149923
1.1352522649947163
1.1348026304096976
1.134352995859964
1.1339033613455438
1.1334537268664648
1.1330040924227551
1.1325544580144429
1.132104823641556
1.131655189304123
1.1312055550021713
1.1307559207357298
1.1303062865048266
1.1298566523094895
1.1294070181497475
1.1289573840256286
1.128507749937161
1.1280581158843732
1.1276084818672938
1.127158847885951
1.1267092139403738
1.1262595800305903
1.125809946156629
1.125360312318519
1.125
1.1245503662265424
1.1241007324890158
1.1236510987874493
1.1232014651218718
1.122751831492312
1.1223021978987986
1.1218525643413604
1.1214029308200266
1.120953297334826
1.1205036638857875
1.1200540304729403
1.1196043970963132
1.1191547637559356
1.1187051304518365
1.118255497184045
1.1178058639525903
1.1173562307575016
1.1169065975988082
1.1164569644765394
1.1160073313907246
1.115557698341393
1.115108065328574
1.1146584323522974
1.1142087994125922
1.1137591665094881
1.1133095336430148
1.1128599008132016
1.1124102680200785
1.1119606352636748
1.1115110025440202
1.1110613698611447
1.1106117372150777
1.1101621046058492
1.1097124720334892
1.1092628394980273
1.1088132069994934
1.1083635745379177
1.10791394211333
1.1074643097257602
1.1070146773752385
1.106565045061795
1.1061154127854598
1.105665780546263
1.105216148344235
1.1047665161794058
1.1043168840518058
1.1038672519614652
1.1034176199084145
1.102967987892684
1.1025183559143041
1.1020687239733054
1.1016190920697182
1.101169460203573
1.1007198283749007
1.1002701965837314
1.1
1.0995503682689347
1.0991007365754526
1.0986511049195842
1.0982014733013603
1.0977518417208119
1.0973022101779697
1.0968525786728647
1.0964029472055277
1.0959533157759898
1.095503684384282
1.0950540530304353
1.0946044217144808
1.0941547904364497
1.093705159196373
1.093255527994282
1.092805896830208
1.092356265704182
1.0919066346162356
1.0914570035664002
1.091007372554707
1.0905577415811873
1.090108110645873
1.0896584797487952
1.0892088488899856
1.0887592180694758
1.0883095872872977
1.0878599565434826
1.087410325838062
1.0869606951710682
1.0865110645425327
1.0860614339524872
1.0856118034009639
1.0851621728879943
1.0847125424136106
1.0842629119778449
1.0838132815807289
1.0833636512222948
1.0829140209025747
1.0824643906216007
1.0820147603794052
1.0815651301760203
1.081115500011478
1.080665869885811
1.0802162397990513
1.0797666097512315
1.079316979742384
1.0788673497725414
1.0784177198417357
1.07796808995
1.0775184600973666
1.0770688302838682
1.0766192005095374
1.076169570774407
1.0757199410785097
1.0752703114218782
1.075
1.074550370406309
1.0741007408519694
1.073651111337014
1.073201481861476
1.072751852425388
1.0723022230287838
1.0718525936716958
1.0714029643541576
1.0709533350762022
1.0705037058378628
1.0700540766391728
1.0696044474801654
1.069154818360874
1.0687051892813317
1.0682555602415724
1.0678059312416295
1.0673563022815364
1.0669066733613266
1.0664570444810337
1.0660074156406916
1.0655577868403339
1.0651081580799941
1.0646585293597064
1.0642089006795041
1.0637592720394216
1.0633096434394924
1.0628600148797507
1.0624103863602303
1.0619607578809653
1.0615111294419899
1.061061501043338
1.0606118726850438
1.0601622443671417
1.059712616089666
1.0592629878526507
1.0588133596561302
1.058363731500139
1.0579141033847117
1.0574644753098825
1.057014847275686
1.0565652192821566
1.0561155913293292
1.0556659634172383
1.0552163355459185
1.0547667077154048
1.0543170799257318
1.0538674521769342
1.053417824469047
1.0529681968021052
1.0525185691761436
1.0520689415911975
1.0516193140473016
1.051169686544491
1.0507200590828012
1.050270431662267
1.05
1.0495503726454485
1.0491007453321444
1.0486511180601232
1.0482014908294202
1.047751863640071
1.0473022364921107
1.0468526093855752
1.0464029823204999
1.0459533552969205
1.0455037283148727
1.0450541013743921
1.0446044744755145
1.0441548476182758
1.0437052208027118
1.0432555940288584
1.0428059672967513
1.042356340606427
1.041906713957921
1.0414570873512699
1.0410074607865094
1.0405578342636759
1.0401082077828054
1.0396585813439345
1.0392089549470993
1.0387593285923362
1.0383097022796817
1.037860076009172
1.037410449780844
1.036960823594734
1.0365111974508787
1.0360615713493146
1.0356119452900787
1.0351623192732073
1.0347126932987376
1.0342630673667061
1.03381344147715
1.0333638156301062
1.0329141898256113
1.032464564063703
1.0320149383444177
1.031565312667793
1.031115687033866
1.0306660614426737
1.0302164358942536
1.0297668103886428
1.029317184925879
1.0288675595059995
1.0284179341290416
1.0279683087950429
1.027518683504041
1.0270690582560738
1.0266194330511784
1.026169807889393
1.0257201827707552
1.0252705576953027
1.025
1.024550374993798
1.0241007500308803
1.0236511251112845
1.023201500235049
1.0227518754022116
1.0223022506128103
1.0218526258668836
1.0214030011644697
1.020953376505607
1.0205037518903335
1.0200541273186878
1.0196045027907086
1.019154878306434
1.0187052538659027
1.0182556294691534
1.0178060051162245
1.017356380807155
1.0169067565419836
1.016457132320749
1.01600750814349
1.015557884010246
1.0151082599210552
1.0146586358759573
1.014209011874991
1.0137593879181954
1.01330976400561
1.0128601401372734
1.0124105163132255
1.0119608925335053
1.0115112687981522
1.0110616451072059
1.0106120214607055
1.0101623978586907
1.009712774301201
1.0092631507882766
1.0088135273199565
1.0083639038962808
1.0079142805172892
1.0074646571830215
1.0070150338935178
1.0065654106488178
1.0061157874489617
1.0056661642939895
1.0052165411839413
1.0047669181188574
1.004317295098778
1.0038676721237434
1.0034180491937938
1.0029684263089698
1.0025188034693115
1.0020691806748598
1.001619557925655
1.0011699352217378
1.000720312563149
1.000270689949929
1.0
0.9995503774595479
0.999100754964571
0.9986511325151102
0.9982015101112064
0.9977518877529008
0.9973022654402345
0.9968526431732485
0.9964030209519841
0.9959533987764824
0.9955037766467848
0.9950541545629328
0.9946045325249676
0.9941549105329308
0.9937052885868639
0.9932556666868085
0.9928060448328062
0.9923564230248988
0.991906801263128
0.9914571795475355
0.9910075578781633
0.9905579362550533
0.9901083146782476
0.989658693147788
0.9892090716637169
0.9887594502260763
0.9883098288349084
0.9878602074902554
0.9874105861921597
0.9869609649406639
0.9865113437358101
0.986061722577641
0.9856121014661992
0.9851624804015271
0.9847128593836676
0.9842632384126633
0.9838136174885571
0.9833639966113918
0.9829143757812104
0.9824647549980559
0.9820151342619711
0.9815655135729993
0.9811158929311835
0.980666272336567
0.980216651789193
0.9797670312891049
0.979317410836346
0.97886779043096
0.97841817007299
0.9779685497624799
0.9775189294994733
0.9770693092840138
0.976619689116145
0.9761700689959111
0.9757204489233556
0.9752708288985226
0.975
0.9745503800517268
0.9741007601512907
0.9736511402987358
0.9732015204941064
0.9727519007374466
0.9723022810288008
0.9718526613682135
0.9714030417557291
0.970953422191392
0.9705038026752469
0.9700541832073385
0.9696045637877114
0.9691549444164104
0.9687053250934803
0.9682557058189659
0.9678060865929123
0.9673564674153645
0.9669068482863675
0.9664572292059666
0.9660076101742068
0.9655579911911335
0.965108372256792
0.9646587533712278
0.964209134534486
0.9637595157466124
0.9633098970076527
0.9628602783176523
0.9624106596766571
0.9619610410847127
0.961511422541865
0.9610618040481599
0.9606121856036434
0.9601625672083616
0.9597129488623605
0.9592633305656862
0.9588137123183852
0.9583640941205035
0.9579144759720876
0.9574648578731838
0.9570152398238387
0.956565621824099
0.956116003874011
0.9556663859736215
0.9552167681229774
0.9547671503221254
0.9543175325711124
0.9538679148699852
0.9534182972187911
0.9529686796175769
0.9525190620663899
0.9520694445652773
0.9516198271142865
0.9511702097134647
0.9507205923628593
0.9502709750625179
0.95
0.9495503827803147
0.9491007656110172
0.9486511484921554
0.9482015314237768
0.9477519144059295
0.9473022974386613
0.9468526805220203
0.9464030636560545
0.9459534468408121
0.9455038300763412
0.9450542133626901
0.9446045966999073
0.944154980088041
0.9437053635271399
0.9432557470172522
0.9428061305584269
0.9423565141507124
0.9419068977941577
0.9414572814888114
0.9410076652347226
0.9405580490319401
0.940108432880513
0.9396588167804906
0.9392092007319218
0.938759584734856
0.9383099687893424
0.9378603528954303
0.9374107370531695
0.9369611212626092
0.9365115055237994
0.9360618898367895
0.9356122742016293
0.9351626586183686
0.9347130430870572
0.9342634276077452
0.9338138121804826
0.9333641968053196
0.9329145814823062
0.9324649662114928
0.9320153509929296
0.9315657358266671
0.9311161207127557
0.930666505651246
0.9302168906421886
0.9297672756856342
0.9293176607816336
0.9288680459302375
0.928418431131497
0.9279688163854629
0.9275192016921864
0.9270695870517185
0.9266199724641104
0.9261703579294136
0.9257207434476794
0.925271129018959
0.9248215146433042
0.9243719003207663
0.9239222860513973
0.9234726718352486
0.9230230576723722
0.92257344356282
0.9221238295066438
0.9216742155038958
0.921224601554628
0.9207749876588927
0.920325373816742
0.9198757600282284
0.9194261462934041
0.9189765326123219
0.9185269189850342
0.9180773054115937
0.9176276918920531
0.9171780784264651
0.9167284650148828
0.916278851657359
0.9158292383539468
0.9153796251046993
0.9149300119096697
0.9144803987689112
0.9140307856824772
0.9135811726504212
0.9131315596727966
0.9126819467496571
0.9122323338810563
0.9117827210670478
0.9113331083076858
0.9108834956030238
0.9104338829531161
0.9099842703580167
0.9095346578177794
0.9090850453324588
0.9086354329021091
0.9081858205267848
0.9077362082065401
0.9072865959414298
0.9068369837315085
0.9063873715768307
0.9059377594774514
0.9054881474334253
0.9050385354448075
0.9045889235116531
0.9041393116340171
0.9036896998119547
0.9032400880455211
0.9027904763347718
0.9023408646797623
0.901891253080548
0.9014416415371844
0.9009920300497276
0.900542418618233
0.9000928072427566
0.9
0.8995503886921794
0.8991007774405005
0.8986511662450195
0.8982015551057926
0.8977519440228762
0.8973023329963264
0.8968527220261999
0.8964031111125533
0.8959535002554432
0.8955038894549262
0.8950542787110592
0.8946046680238992
0.8941550573935029
0.8937054468199276
0.8932558363032304
0.8928062258434685
0.8923566154406993
0.8919070050949802
0.8914573948063688
0.8910077845749225
0.8905581744006991
0.8901085642837562
0.8896589542241519
0.8892093442219439
0.8887597342771902
0.8883101243899492
0.8878605145602788
0.8874109047882376
0.8869612950738838
0.8865116854172759
0.8860620758184723
0.8856124662775318
0.885162856794513
0.884713247369475
0.8842636380024764
0.8838140286935765
0.8833644194428343
0.8829148102503088
0.8824652011160594
0.8820155920401456
0.8815659830226266
0.881116374063562
0.8806667651630116
0.8802171563210349
0.879767547537692
0.8793179388130428
0.8788683301471469
0.8784187215400648
0.8779691129918566
0.8775195045025825
0.877069896072303
0.8766202877010785
0.8761706793889694
0.8757210711360366
0.8752714629423407
0.8748218548079425
0.874372246732903
0.8739226387172833
0.8734730307611445
0.8730234228645477
0.8725738150275543
0.8721242072502255
0.8716745995326232
0.8712249918748086
0.8707753842768438
0.8703257767387902
0.8698761692607099
0.8694265618426648
0.868976954484717
0.8685273471869286
0.8680777399493619
0.8676281327720793
0.8671785256551433
0.8667289185986163
0.8662793116025612
0.8658297046670406
0.8653800977921172
0.8649304909778542
0.8644808842243146
0.8640312775315614
0.863581670899658
0.8631320643286677
0.8626824578186539
0.8622328513696802
0.8617832449818101
0.8613336386551075
0.8608840323896362
0.8604344261854601
0.8599848200426432
0.8595352139612498
0.8590856079413439
0.8586360019829901
0.8581863960862526
0.8577367902511961
0.8572871844778851
0.8568375787663844
0.8563879731167591
0.8559383675290738
0.8554887620033937
0.855039156539784
0.8545895511383099
0.8541399457990367
0.85369034052203
0.8532407353073552
0.8527911301550781
0.8523415250652644
0.85189192003798
0.8514423150732909
0.8509927101712632
0.8505431053319631
0.8500935005554568
0.85
0.8495503952994349
0.8491007906618103
0.8486511860871931
0.8482015815756498
0.8477519771272474
0.8473023727420528
0.846852768420133
0.8464031641615553
0.8459535599663868
0.845503955834695
0.8450543517665473
0.8446047477620114
0.8441551438211551
0.843705539944046
0.8432559361307519
0.8428063323813411
0.8423567286958816
0.8419071250744418
0.8414575215170899
0.8410079180238944
0.8405583145949239
0.8401087112302472
0.8396591079299329
0.83920950469405
0.8387599015226674
0.8383102984158545
0.8378606953736802
0.8374110923962141
0.8369614894835256
0.8365118866356841
0.8360622838527595
0.8356126811348216
0.8351630784819402
0.8347134758941853
0.8342638733716271
0.8338142709143359
0.833364668522382
0.8329150661958359
0.8324654639347682
0.8320158617392496
0.8315662596093509
0.8311166575451431
0.8306670555466971
0.8302174536140842
0.8297678517473756
0.8293182499466427
0.8288686482119572
0.8284190465433904
0.8279694449410143
0.8275198434049006
0.8270702419351214
0.8266206405317488
0.8261710391948549
0.8257214379245121
0.825271836720793
0.8248222355837699
0.8243726345135157
0.8239230335101031
0.8234734325736051
0.8230238317040945
0.8225742309016448
0.8221246301663291
0.8216750294982209
0.8212254288973937
0.820775828363921
0.8203262278978768
0.8198766274993348
0.819427027168369
0.8189774269050537
0.8185278267094631
0.8180782265816715
0.8176286265217534
0.8171790265297835
0.8167294266058364
0.8162798267499871
0.8158302269623107
0.8153806272428821
0.8149310275917766
0.8144814280090695
0.8140318284948365
0.813582229049153
0.8131326296720949
0.8126830303637379
0.8122334311241581
0.8117838319534317
0.8113342328516348
0.8108846338188437
0.810435034855135
0.8099854359605854
0.8095358371352716
0.8090862383792704
0.8086366396926589
0.8081870410755142
0.8077374425279136
0.8072878440499344
0.8068382456416542
0.8063886473031506
0.8059390490345015
0.8054894508357847
0.8050398527070782
0.8045902546484602
0.8041406566600091
0.8036910587418034
0.8032414608939213
0.802791863116442
0.802342265409444
0.8018926677730063
0.801443070207208
0.8009934727121284
0.8005438752878469
0.8000942779344428
0.8
0.7995504027324426
0.7991008055359389
0.7986512084105687
0.7982016113564121
0.7977520143735494
0.7973024174620609
0.7968528206220271
0.7964032238535285
0.7959536271566459
0.7955040305314601
0.7950544339780523
0.7946048374965036
0.7941552410868952
0.7937056447493085
0.7932560484838252
0.7928064522905269
0.7923568561694956
0.791907260120813
0.7914576641445615
0.7910080682408233
0.7905584724096807
0.7901088766512162
0.7896592809655127
0.7892096853526529
0.7887600898127197
0.7883104943457964
0.787860898951966
0.7874113036313121
0.7869617083839182
0.786512113209868
0.7860625181092452
0.7856129230821339
0.7851633281286181
0.7847137332487821
0.7842641384427104
0.7838145437104874
0.7833649490521979
0.7829153544679266
0.7824657599577586
0.782016165521779
0.781566571160073
0.7811169768727262
0.7806673826598239
0.7802177885214521
0.7797681944576965
0.7793186004686431
0.7788690065543782
0.7784194127149879
0.777969818950559
0.7775202252611778
0.7770706316469312
0.7766210381079062
0.7761714446441896
0.7757218512558689
0.7752722579430312
0.7748226647057642
0.7743730715441555
0.7739234784582928
0.7734738854482643
0.773024292514158
0.7725746996560623
0.7721251068740655
0.7716755141682563
0.7712259215387234
0.7707763289855557
0.7703267365088423
0.7698771441086724
0.7694275517851353
0.7689779595383206
0.7685283673683179
0.7680787752752172
0.7676291832591082
0.7671795913200814
0.766729999458227
0.7662804076736354
0.7658308159663971
0.7653812243366033
0.7649316327843445
0.7644820413097121
0.7640324499127973
0.7635828585936916
0.7631332673524864
0.7626836761892737
0.7622340851041453
0.7617844940971932
0.7613349031685097
0.7608853123181873
0.7604357215463186
0.759986130852996
0.7595365402383127
0.7590869497023618
0.7586373592452363
0.7581877688670299
0.757738178567836
0.7572885883477483
0.7568389982068607
0.7563894081452673
0.7559398181630623
0.7554902282603401
0.7550406384371953
0.7545910486937225
0.7541414590300168
0.7536918694461733
0.7532422799422871
0.7527926905184537
0.7523431011747685
0.7518935119113276
0.7514439227282266
0.7509943336255617
0.7505447446034292
0.7500951556619256
0.7496455668011475
0.7491959780211916
0.748746389322155
0.7482968007041347
0.7478472121672282
0.7473976237115328
0.7469480353371464
0.7464984470441666
0.7460488588326915
0.7455992707028193
0.7451496826546484
0.7447000946882775
0.744250506803805
0.74380091900133
0.7433513312809518
0.7429017436427693
0.7424521560868822
0.74200256861339
0.7415529812223925
0.7411033939139899
0.7406538066882822
0.7402042195453697
0.7397546324853531
0.739305045508333
0.7388554586144104
0.7384058718036863
0.7379562850762621
0.7375066984322391
0.7370571118717192
0.736607525394804
0.7361579390015955
0.735708352692196
0.7352587664667081
0.7348091803252339
0.7343595942678766
0.733910008294739
0.7334604224059241
0.7330108366015355
0.7325612508816767
0.7321116652464512
0.7316620796959631
0.7312124942303164
0.7307629088496155
0.7303133235539647
0.7298637383434688
0.7294141532182328
0.7289645681783615
0.7285149832239604
0.7280653983551347
0.7276158135719903
0.727166228874633
0.7267166442631687
0.7262670597377038
0.7258174752983445
0.7253678909451976
0.7249183066783699
0.7244687224979685
0.7240191384041005
0.7235695543968734
0.7231199704763949
0.7226703866427727
0.7222208028961149
0.7217712192365296
0.7213216356641255
0.7208720521790111
0.7204224687812951
0.7199728854710867
0.7195233022484951
0.7190737191136298
0.7186241360666005
0.7181745531075169
0.7177249702364891
0.7172753874536275
0.7168258047590426
0.7163762221528449
0.7159266396351455
0.7154770572060554
0.7150274748656859
0.7145778926141485
0.714128310451555
0.7136787283780174
0.7132291463936478
0.7127795644985585
0.7123299826928622
0.7118804009766717
0.7114308193501
0.7109812378132603
0.710531656366266
0.7100820750092308
0.7096324937422686
0.7091829125654934
0.7087333314790196
0.7082837504829617
0.7078341695774343
0.7073845887625525
0.7069350080384316
0.7064854274051867
0.7060358468629336
0.7055862664117881
0.7051366860518663
0.7046871057832844
0.704237525606159
0.7037879455206069
0.7033383655267448
0.70288878562469
0.70243920581456
0.7019896260964722
0.7015400464705447
0.7010904669368954
0.7006408874956426
0.7001913081469049
0.7
0.6995504207833505
0.6991008416595046
0.6986512626285815
0.6982016836907008
0.6977521048459823
0.6973025260945459
0.6968529474365119
0.6964033688720009
0.6959537904011336
0.6955042120240308
0.6950546337408137
0.6946050555516037
0.6941554774565224
0.6937058994556918
0.693256321549234
0.6928067437372714
0.6923571660199265
0.6919075883973221
0.6914580108695814
0.6910084334368275
0.6905588560991842
0.6901092788567752
0.6896597017097245
0.6892101246581563
0.6887605477021954
0.6883109708419664
0.6878613940775942
0.6874118174092041
0.6869622408369217
0.6865126643608728
0.6860630879811832
0.6856135116979792
0.6851639355113873
0.6847143594215342
0.684264783428547
0.6838152075325529
0.6833656317336794
0.6829160560320542
0.6824664804278052
0.6820169049210608
0.6815673295119494
0.6811177542005998
0.680668178987141
0.6802186038717023
0.6797690288544131
0.6793194539354033
0.6788698791148028
0.678420304392742
0.6779707297693515
0.677521155244762
0.6770715808191046
0.6766220064925106
0.6761724322651116
0.6757228581370395
0.6752732841084264
0.6748237101794047
0.674374136350107
0.6739245626206662
0.6734749889912156
0.6730254154618885
0.6725758420328187
0.6721262687041402
0.6716766954759871
0.671227122348494
0.6707775493217958
0.6703279763960274
0.6698784035713241
0.6694288308478217
0.668979258225656
0.668529685704963
0.6680801132858792
0.6676305409685415
0.6671809687530866
0.6667313966396519
0.6662818246283748
0.6658322527193933
0.6653826809128452
0.6649331092088692
0.6644835376076037
0.6640339661091877
0.6635843947137605
0.6631348234214616
0.6626852522324306
0.6622356811468076
0.6617861101647331
0.6613365392863476
0.6608869685117921
0.6604373978412077
0.659987827274736
0.6595382568125187
0.6590886864546979
0.6586391162014159
0.6581895460528155
0.6577399760090396
0.6572904060702314
0.6568408362365343
0.6563912665080924
0.6559416968850498
0.6554921273675507
0.65504255795574
0.6545929886497625
0.6541434194497636
0.6536938503558891
0.6532442813682848
0.6527947124870969
0.6523451437124718
0.6518955750445564
0.6514460064834979
0.6509964380294437
0.6505468696825416
0.6500973014429395
0.6496477333107858
0.6491981652862291
0.6487485973694184
0.6482990295605029
0.6478494618596323
0.6473998942669565
0.6469503267826257
0.6465007594067902
0.6460511921396012
0.6456016249812094
0.6451520579317667
0.6447024909914246
0.6442529241603354
0.6438033574386514
0.6433537908265252
0.6429042243241101
0.6424546579315592
0.6420050916490264
0.6415555254766657
0.6411059594146314
0.6406563934630782
0.6402068276221611
0.6397572618920353
0.6393076962728566
0.6388581307647808
0.6384085653679644
0.6379590000825639
0.6375094349087363
0.637059869846639
0.6366103048964294
0.6361607400582656
0.6357111753323059
0.635261610718709
0.6348120462176338
0.6343624818292395
0.6339129175536858
0.6334633533911328
0.6330137893417407
0.6325642254056703
0.6321146615830824
0.6316650978741385
0.6312155342790003
0.6307659707978298
0.6303164074307894
0.6298668441780418
0.6294172810397501
0.6289677180160779
0.6285181551071887
0.6280685923132467
0.6276190296344166
0.6271694670708631
0.6267199046227513
0.6262703422902469
0.6258207800735158
0.6253712179727242
0.6249216559880387
0.6244720941196263
0.6240225323676545
0.6235729707322908
0.6231234092137032
0.6226738478120604
0.6222242865275309
0.621774725360284
0.6213251643104892
0.6208756033783166
0.6204260425639362
0.6199764818675187
0.6195269212892351
0.6190773608292568
0.6186278004877556
0.6181782402649034
0.617728680160873
0.6172791201758372
0.616829560309969
0.6163800005634424
0.6159304409364312
0.6154808814291098
0.6150313220416531
0.614581762774236
0.6141322036270344
0.6136826446002239
0.6132330856939809
0.6127835269084821
0.6123339682439047
0.6118844097004261
0.6114348512782242
0.6109852929774772
0.6105357347983638
0.610086176741063
0.6096366188057543
0.6091870609926174
0.6087375033018328
0.608287945733581
0.607838388288043
0.6073888309654003
0.6069392737658347
0.6064897166895284
0.6060401597366643
0.6055906029074252
0.6051410462019946
0.6046914896205564
0.6042419331632949
0.6037923768303948
0.6033428206220411
0.6028932645384195
0.6024437085797159
0.6019941527461166
0.6015445970378084
0.6010950414549784
0.6006454859978143
0.6001959306665041
0.6
0.5995504448497245
0.5991008898257627
0.598651334928304
0.5982017801575384
0.5977522255136563
0.5973026709968483
0.5968531166073057
0.5964035623452201
0.5959540082107835
0.5955044542041885
0.595054900325628
0.5946053465752954
0.5941557929533845
0.5937062394600895
0.5932566860956051
0.5928071328601265
0.5923575797538493
0.5919080267769693
0.5914584739296832
0.5910089212121878
0.5905593686246805
0.5901098161673591
0.5896602638404219
0.5892107116440676
0.5887611595784953
0.5883116076439047
0.5878620558404959
0.5874125041684694
0.5869629526280262
0.5865134012193679
0.5860638499426963
0.5856142987982138
0.5851647477861233
0.5847151969066281
0.584265646159932
0.5838160955462394
0.5833665450657548
0.5829169947186836
0.5824674445052315
0.5820178944256045
0.5815683444800093
0.581118794668653
0.5806692449917433
0.5802196954494883
0.5797701460420964
0.5793205967697768
0.5788710476327389
0.5784214986311927
0.5779719497653489
0.5775224010354184
0.5770728524416128
0.576623303984144
0.5761737556632244
0.575724207479067
0.5752746594318855
0.5748251115218936
0.574375563749306
0.5739260161143375
0.5734764686172037
0.5730269212581206
0.5725773740373047
0.572127826954973
0.571678280011343
0.5712287332066328
0.570779186541061
0.5703296400148465
0.5698800936282091
0.5694305473813688
0.5689810012745461
0.5685314553079623
0.5680819094818391
0.5676323637963987
0.5671828182518637
0.5667332728484575
0.5662837275864039
0.5658341824659271
0.565384637487252
0.564935092650604
0.5644855479562091
0.5640360034042936
0.5635864589950846
0.5631369147288098
0.5626873706056971
0.5622378266259751
0.5617882827898731
0.561338739097621
0.5608891955494488
0.5604396521455876
0.5599901088862685
0.5595405657717238
0.5590910228021859
0.5586414799778878
0.5581919372990632
0.5577423947659463
0.5572928523787719
0.5568433101377753
0.5563937680431924
0.5559442260952596
0.5554946842942141
0.5550451426402935
0.554595601133736
0.5541460597747803
0.5536965185636659
0.5532469775006327
0.5527974365859212
0.5523478958197725
0.5518983552024284
0.5514488147341311
0.5509992744151235
0.5505497342456491
0.550100194225952
0.5496506543562769
0.549201114636869
0.5487515750679743
0.5483020356498393
0.5478524963827108
0.5474029572668367
0.5469534183024655
0.5465038794898458
0.5460543408292273
0.5456048023208601
0.5451552639649949
0.5447057257618833
0.5442561877117771
0.543806649814929
0.5433571120715923
0.5429075744820209
0.5424580370464692
0.5420084997651925
0.5415589626384465
0.5411094256664876
0.5406598888495728
0.54021035218796
0.5397608156819075
0.5393112793316741
0.5388617431375197
0.5384122070997043
0.5379626712184891
0.5375131354941355
0.5370635999269059
0.5366140645170631
0.5361645292648707
0.5357149941705929
0.5352654592344945
0.5348159244568413
0.5343663898378994
0.5339168553779357
0.5334673210772177
0.5330177869360139
0.5325682529545929
0.5321187191332245
0.531669185472179
0.5312196519717273
0.5307701186321411
0.5303205854536928
0.5298710524366552
0.5294215195813025
0.5289719868879087
0.5285224543567492
0.5280729219880996
0.5276233897822367
0.5271738577394376
0.5267243258599803
0.5262747941441436
0.5258252625922066
0.5253757312044496
0.5249261999811534
0.5244766689225995
0.5240271380290701
0.5235776073008482
0.5231280767382177
0.5226785463414628
0.5222290161108689
0.5217794860467218
0.5213299561493081
0.5208804264189153
0.5204308968558314
0.5199813674603455
0.5195318382327471
0.5190823091733265
0.518632780282375
0.5181832515601845
0.5177337230070476
0.5172841946232577
0.516834666409109
0.5163851383648964
0.5159356104909157
0.5154860827874633
0.5150365552548366
0.5145870278933335
0.5141375007032529
0.5136879736848944
0.5132384468385583
0.5127889201645459
0.5123393936631592
0.5118898673347009
0.5114403411794746
0.5109908151977846
0.510541289389936
0.5100917637562351
0.5096422382969884
0.5091927130125035
0.5087431879030888
0.5082936629690538
0.5078441382107082
0.507394613628363
0.50694508922233
0.5064955649929215
0.506046040940451
0.5055965170652327
0.5051469933675815
0.5046974698478135
0.5042479465062452
0.5037984233431941
0.5033489003589788
0.5028993775539186
0.5024498549283334
0.5020003324825442
0.5015508102168729
0.5011012881316422
0.5006517662271757
0.5002022445037977
0.5
0.4995504785397623
0.4991009572614118
0.49865143616527585
0.49820191525168284
0.49775239452096204
0.4973028739734436
0.4968533536094584
0.4964038334293386
0.49595431343341684
0.4955047936220269
0.4950552739955034
0.49460575455418193
0.4941562352983989
0.49370671622849177
0.4932571973447987
0.492807678647659
0.49235816013741285
0.4919086418144013
0.4914591236789664
0.49100960573145097
0.4905600879721991
0.4901105704015555
0.48966105301986595
0.4892115358274773
0.4887620188247372
0.4883125020119943
0.4878629853895981
0.48741346895789933
0.4869639527172495
0.48651443666800115
0.4860649208105078
0.48561540514512386
0.4851658896722048
0.48471637439210713
0.48426685930518826
0.4838173444118066
0.4833678297123217
0.4829183152070939
0.48246880089648464
0.48201928678085637
0.4815697728605726
0.4811202591359978
0.4806707456074975
0.48022123227543817
0.4797717191401874
0.47932220620211374
0.4788726934615869
0.4784231809189775
0.4779736685746573
0.477524156428999
0.4770746444823764
0.4766251327351644
0.47617562118773893
0.4757261098404769
0.4752765986937565
0.4748270877479568
0.474377577003458
0.4739280664606414
0.47347855611988937
0.47302904598158535
0.4725795360461139
0.4721300263138607
0.47168051678521244
0.471231007460557
0.4707814983402834
0.4703319894247816
0.4698824807144429
0.46943297220965957
0.46898346391082507
0.4685339558183339
0.46808444793258186
0.4676349402539658
0.46718543278288366
0.4667359255197346
0.46628641846491886
0.46583691161883795
0.46538740498189446
0.46493789855449213
0.464488392337036
0.46403888632993207
0.46358938053358767
0.4631398749484113
0.46269036957481263
0.46224086441320256
0.46179135946399313
0.4613418547275976
0.4608923502044304
0.4604428458949073
0.4599933417994451
0.459543837918462
0.45909433425237733
0.45864483080161167
0.45819532756658676
0.4577458245477258
0.4572963217454529
0.4568468191601938
0.45639731679237516
0.4559478146424251
0.455498312710773
0.45504881099784944
0.4545993095040862
0.4541498082299166
0.4537003071757749
0.45325080634209697
0.45280130572931976
0.4523518053378816
0.45190230516822216
0.4514528052207824
0.45100330549600454
0.45055380599433215
0.45010430671621016
0.4496548076620848
0.44920530883240367
0.4487558102276157
0.44830631184817105
0.44785681369452146
0.4474073157671199
0.44695781806642065
0.4465083205928795
0.44605882334695346
0.44560932632910105
0.4451598295397821
0.44471033297945795
0.4442608366485911
0.4438113405476457
0.44336184467708717
0.4429123490373824
0.4424628536289997
0.4420133584524087
0.44156386350808063
0.4411143687964881
0.4406648743181051
0.4402153800734071
0.43976588606287104
0.43931639228697533
0.43886689874619983
0.43841740544102586
0.4379679123719363
0.4375184195394154
0.43706892694394894
0.43661943458602426
0.43616994246613017
0.43572045058475695
0.4352709589423964
0.43482146753954193
0.43437197637668834
0.4339224854543321
0.43347299477297113
0.43302350433310494
0.43257401413523455
0.43212452417986263
0.43167503446749333
0.4312255449986324
0.4307760557737872
0.4303265667934666
0.42987707805818115
0.429427589568443
0.4289781013247658
0.42852861332766495
0.42807912557765737
0.42762963807526166
0.42718015082099803
0.4267306638153883
0.4262811770589561
0.4258316905522264
0.4253822042957262
0.42493271828998386
0.42448323253552966
0.42403374703289537
0.42358426178261455
0.4231347767852225
0.42268529204125604
0.4222358075512539
0.42178632331575644
0.4213368393353058
0.4208873556104457
0.4204378721417218
0.41998838892968143
0.41953890597487364
0.41908942327784926
0.4186399408391609
0.41819045865936294
0.4177409767390116
0.41729149507866486
0.41684201367888246
0.41639253254022596
0.41594305166325873
0.41549357104854606
0.415044090696655
0.4145946106081544
0.4141451307836151
0.4136956512236096
0.4132461719287124
0.41279669289949983
0.4123472141365501
0.4118977356404434
0.41144825741176166
0.41099877945108887
0.4105493017590108
0.41009982433611514
0.4096503471829917
0.409200870300232
0.40875139368842967
0.40830191734818017
0.407852441280081
0.40740296548473176
0.4069534899627337
0.40650401471469044
0.40605453974120725
0.40560506504289173
0.4051555906203532
0.4047061164742033
0.40425664260505545
0.40380716901352526
0.40335769570023033
0.40290822266579035
0.4024587499108271
0.40200927743596443
0.40155980524182827
0.4011103333290466
0.40066086169824966
0.40021139035006964
0.4
0.39955052906850697
0.39910105842120186
0.3986515880587244
0.39820211798171645
0.39775264819082207
0.39730317868668735
0.3968537094699608
0.3964042405412929
0.3959547719013366
0.39550530355074687
0.3950558354901809
0.3946063677202983
0.3941569002417607
0.39370743305523226
0.3932579661613792
0.39280849956087005
0.3923590332543757
0.39190956724256937
0.3914601015261264
0.3910106361057248
0.39056117098204457
0.3901117061557682
0.38966224162758056
0.3892127773981689
0.38876331346822274
0.3883138498384341
0.38786438650949734
0.3874149234821093
0.3869654607569692
0.38651599833477857
0.3860665362162416
0.3856170744020649
0.38516761289295737
0.3847181516896306
0.3842686907927985
0.38381923020317765
0.383369769921487
0.38292030994844817
0.3824708502847851
0.38202139093122456
0.38157193188849564
0.3811224731573301
0.3806730147384623
0.3802235566326293
0.37977409884057056
0.3793246413630283
0.3788751842007473
0.378425727354475
0.37797627082496155
0.3775268146129598
0.3770773587192252
0.376627903144516
0.37617844788959304
0.37572899295521994
0.37527953834216304
0.3748300840511915
0.3743806300830772
0.3739311764385948
0.3734817231185217
0.37303227012363815
0.3725828174547273
0.372133365112575
0.37168391309796994
0.3712344614117038
0.370785010054571
0.3703355590273689
0.36988610833089786
0.369436657965961
0.36898720793336437
0.36853775823391705
0.3680883088684311
0.36763885983772143
0.367189411142606
0.36673996278390586
0.3662905147624449
0.3658410670790502
0.3653916197345517
0.36494217272978263
0.36449272606557914
0.3640432797427805
0.36359383376222915
0.36314438812477057
0.36269494283125336
0.36224549788252935
0.3617960532794535
0.361346609022884
0.36089716511368214
0.36044772155271254
0.35999827834084297
0.35954883547894445
0.3590993929678913
0.35864995080856105
0.3582005090018346
0.3577510675485962
0.35730162644973334
0.35685218570613686
0.35640274531870103
0.3559533052883234
0.3555038656159051
0.3550544263023504
0.35460498734856727
0.35415554875546695
0.3537061105239642
0.35325667265497734
0.352807235149428
0.3523577980082416
0.3519083612323468
0.3514589248226761
0.35100948878016536
0.3505600531057541
0.3501106178003855
0.34966118286500625
0.34921174830056684
0.34876231410802133
0.3483128802883275
0.3478634468424468
0.34741401377134445
0.3469645810759894
0.34651514875735423
0.3460657168164155
0.34561628525415355
0.34516685407155234
0.3447174232695999
0.34426799284928805
0.3438185628116124
0.34336913315757256
0.34291970388817206
0.3424702750044183
0.34202084650732273
0.3415714183979007
0.3411219906771716
0.34067256334615886
0.34022313640588997
0.33977370985739647
0.3393242837017139
0.33887485793988203
0.3384254325729448
0.3379760076019501
0.33752658302795024
0.33707715885200157
0.3366277350751647
0.3361783116985045
0.3357288887230901
0.3352794661499949
0.3348300439802966
0.3343806222150773
0.3339312008554235
0.3334817799024259
0.33303235935717973
0.33258293922078463
0.3321335194943447
0.33168410017896854
0.33123468127576916
0.3307852627858642
0.33033584471037575
0.3298864270504306
0.32943700980716006
0.32898759298170005
0.32853817657519124
0.32808876058877884
0.3276393450236128
0.3271899298808479
0.32674051516164354
0.326291100867164
0.32584168699857835
0.32539227355706035
0.32494286054378885
0.3244934479599474
0.32404403580672453
0.3235946240853138
0.32314521279691355
0.3226958019427273
0.3222463915239634
0.32179698154183545
0.32134757199756203
0.3208981628923668
0.3204487542274786
0.3199993460041314
0.31954993822356437
0.319100530887022
0.31865112399575396
0.3182017175510151
0.31775231155406575
0.31730290600617145
0.31685350090860326
0.3164040962626375
0.31595469206955595
0.3155052883306459
0.3150558850472001
0.31460648222051685
0.31415707985190006
0.3137076779426591
0.313258276494109
0.31280887550757047
0.31235947498437
0.31191007492583966
0.31146067533331734
0.3110112762081466
0.310561877551677
0.31011247936526387
0.3096630816502684
0.30921368440805774
0.3087642876400049
0.308314891347489
0.30786549553189513
0.30741610019461446
0.30696670533704423
0.3065173109605878
0.30606791706665476
0.30561852365666087
0.30516913073202806
0.3047197382941846
0.30427034634456507
0.3038209548846104
0.3033715639157679
0.30292217343949135
0.3024727834572409
0.3020233939704832
0.3015740049806916
0.3011246164893458
0.3006752284979323
0.3002258410079442
0.3
0.29955061326625215
0.29910122703769565
0.2986518413158472
0.29820245610223045
0.2977530713983758
0.2973036872058206
0.2968543035261092
0.2964049203607929
0.29595553771143013
0.2955061555795863
0.2950567739668341
0.2946073928747533
0.2941580123049308
0.293708632258961
0.2932592527384454
0.29280987374499295
0.29236049528022
0.29191111734575037
0.2914617399432153
0.29101236307425354
0.2905629867405115
0.29011361094364324
0.28966423568531047
0.2892148609671826
0.2887654867909367
0.28831611315825795
0.2878667400708391
0.2874173675303811
0.2869679955385926
0.2865186240971904
0.28606925320789944
0.2856198828724526
0.28517051309259106
0.2847211438700642
0.28427177520662966
0.2838224071040534
0.28337303956410975
0.2829236725885815
0.28247430617925984
0.2820249403379447
0.2815755750664444
0.2811262103665759
0.2806768462401651
0.2802274826890464
0.2797781197150631
0.27932875732006746
0.27887939550592056
0.2784300342744925
0.2779806736276624
0.27753131356731847
0.2770819540953582
0.2766325952136882
0.27618323692422436
0.2757338792288919
0.27528452212962556
0.27483516562836935
0.27438580972707693
0.27393645442771153
0.273487099732246
0.273037745642663
0.27258839216095476
0.2721390392891236
0.27168968702918156
0.2712403353831507
0.27079098435306315
0.27034163394096117
0.2698922841488971
0.2694429349789336
0.26899358643314364
0.2685442385136104
0.26809489122242774
0.2676455445616999
0.26719619853354176
0.2667468531400788
0.26629750838344723
0.26584816426579416
0.26539882078927746
0.264949477956066
0.26450013576833964
0.2640507942282893
0.26360145333811724
0.2631521131000368
0.2627027735162727
0.26225343458906103
0.2618040963206494
0.261354758713297
0.26090542176927456
0.2604560854908647
0.2600067498803616
0.2595574149400715
0.25910808067231256
0.25865874707941494
0.25820941416372095
0.2577600819275852
0.2573107503733745
0.25686141950346797
0.2564120893202574
0.25596275982614697
0.25551343102355356
0.25506410291490683
0.2546147755026492
0.254165448789236
0.2537161227771357
0.2532667974688296
0.25281747286681244
0.2523681489735921
0.25191882579169
0.25146950332364076
0.25102018157199285
0.25057086053930827
0.25012154022816274
0.24967222064114594
0.24922290178086148
0.24877358364992702
0.2483242662509744
0.2478749495866497
0.24742563365961343
0.24697631847254048
0.24652700402812042
0.24607769032905744
0.24562837737807053
0.24517906517789356
0.2447297537312755
0.24428044304098037
0.2438311331097874
0.24338182394049124
0.24293251553590192
0.2424832078988451
0.24203390103216207
0.24158459493870996
0.2411352896213618
0.24068598508300668
0.2402366813265498
0.2397873783549127
0.2393380761710333
0.23888877477786602
0.2384394741783819
0.23799017437556882
0.23754087537243154
0.2370915771719918
0.23664227977728858
0.23619298319137805
0.23574368741733387
0.2352943924582472
0.2348450983172269
0.23439580499739968
0.23394651250191012
0.23349722083392097
0.2330479299966132
0.2325986399931861
0.2321493508268576
0.23170006250086406
0.23125077501846086
0.23080148838292225
0.23035220259754152
0.22990291766563126
0.22945363359052345
0.2290043503755696
0.22855506802414094
0.22810578653962849
0.22765650592544334
0.22720722618501674
0.2267579473218002
0.22630866933926583
0.22585939224090626
0.22541011603023503
0.22496084071078662
0.22451156628611665
0.22406229275980208
0.2236130201354413
0.22316374841665443
0.22271447760708335
0.222265207710392
0.22181593873026645
0.2213666706704152
0.2209174035345693
0.2204681373264824
0.22001887204993123
0.2195696077087155
0.21912034430665828
0.21867108184760606
0.218221820335429
0.21777255977402124
0.21732330016730086
0.21687404151921025
0.21642478383371624
0.21597552711481033
0.21552627136650893
0.21507701659285347
0.2146277627979107
0.21417850998577287
0.2137292581605579
0.21328000732640973
0.21283075748749833
0.2123815086480201
0.21193226081219801
0.21148301398428185
0.2110337681685484
0.21058452336930183
0.21013527959087372
0.20968603683762338
0.2092367951139381
0.20878755442423347
0.2083383147729534
0.20788907616457059
0.2074398386035867
0.20699060209453254
0.2065413666419684
0.20609213225048426
0.20564289892470003
0.20519366666926595
0.20474443548886265
0.20429520538820162
0.20384597637202528
0.2033967484451074
0.20294752161225335
0.20249829587830032
0.2020490712481176
0.20159984772660702
0.201150625318703
0.2007014040293731
0.20025218386361804
0.2
0.19955078159865478
0.19910156433384724
0.19865234821069927
0.19820313323436736
0.197753919410043
0.19730470674295303
0.1968554952383599
0.19640628490156206
0.19595707573789423
0.19550786775272774
0.19505866095147092
0.19460945533956936
0.19416025092250633
0.19371104770580305
0.19326184569501917
0.19281264489575292
0.19236344531364166
0.19191424695436216
0.191465049823631
0.19101585392720488
0.19056665927088107
0.1901174658604978
0.1896682737019345
0.18921908280111244
0.18876989316399487
0.1883207047965876
0.18787151770493932
0.187422331895142
0.18697314737333137
0.18652396414568728
0.18607478221843418
0.18562560159784144
0.185176422290224
0.18472724430194248
0.18427806763940396
0.18382889230906227
0.1833797183174184
0.18293054567102104
0.18248137437646708
0.18203220444040202
0.1815830358695204
0.1811338686705664
0.1806847028503343
0.18023553841566892
0.17978637537346615
0.1793372137306735
0.17888805349429054
0.17843889467136953
0.17798973726901582
0.1775405812943885
0.17709142675470085
0.17664227365722096
0.17619312200927223
0.17574397181823398
0.175294823091542
0.17484567583668914
0.17439653006122585
0.1739473857727608
0.17349824297896155
0.173049101687555
0.17259996190632818
0.17215082364312873
0.17170168690586562
0.17125255170250978
0.1708034180410947
0.17035428592971716
0.1699051553765378
0.16945602638978188
0.16900689897773996
0.1685577731487685
0.16810864891129063
0.1676595262737969
0.16721040524484596
0.16676128583306524
0.16631216804715176
0.16586305189587286
0.16541393738806692
0.16496482453264422
0.16451571333858767
0.1640666038149535
0.16361749597087227
0.1631683898155495
0.16271928535826663
0.16227018260838172
0.1618210815753304
0.1613719822686267
0.16092288469786392
0.16047378887271552
0.16002469480293596
0.15957560249836172
0.1591265119689121
0.1586774232245902
0.1582283362754839
0.15777925113176683
0.15733016780369924
0.15688108630162906
0.15643200663599294
0.15598292881731718
0.1555338528562188
0.15508477876340657
0.15463570654968217
0.15418663622594111
0.1537375678031739
0.15328850129246716
0.15283943670500472
0.1523903740520688
0.15194131334504107
0.15149225459540402
0.1510431978147419
0.1505941430147421
0.15014509020719635
0.1496960394040019
0.14924699061716284
0.1487979438587914
0.14834889914110916
0.1478998564764485
0.1474508158772538
0.14700177735608297
0.14655274092560863
0.1461037065986197
0.1456546743880227
0.14520564430684327
0.14475661636822756
0.14430759058544385
0.14385856697188393
0.14340954554106472
0.14296052630662978
0.14251150928235098
0.14206249448213001
0.1416134819200001
0.14116447161012757
0.1407154635668137
0.1402664578044963
0.13981745433775147
0.13936845318129545
0.13891945434998637
0.13847045785882603
0.13802146372296184
0.13757247195768868
0.1371234825784508
0.13667449560084385
0.1362255110406167
0.13577652891367362
0.13532754923607623
0.13487857202404568
0.13442959729396464
0.13398062506237954
0.13353165534600273
0.13308268816171473
0.13263372352656647
0.13218476145778157
0.13173580197275872
0.13128684508907404
0.1308378908244835
0.13038893919692537
0.1299399902245228
0.1294910439255862
0.12904210031861602
0.12859315942230523
0.12814422125554215
0.12769528583741305
0.12724635318720495
0.12679742332440852
0.12634849626872088
0.12589957204004856
0.12545065065851047
0.1250017321444409
0.12455281651839266
0.12410390380114016
0.12365499401368264
0.12320608717724747
0.12275718331329338
0.12230828244351385
0.12185938458984062
0.1214104897744471
0.12096159801975195
0.12051270934842277
0.12006382378337972
0.11961494134779933
0.11916606206511833
0.11871718595903753
0.11826831305352586
0.11781944337282436
0.11737057694145034
0.11692171378420159
0.1164728539261607
0.11602399739269942
0.11557514420948306
0.11512629440247514
0.11467744799794194
0.11422860502245727
0.11377976550290726
0.11333092946649531
0.11288209694074705
0.11243326795351548
0.11198444253298614
0.11153562070768251
0.11108680250647131
0.11063798795856812
0.11018917709354299
0.1097403699413262
0.10929156653221411
0.10884276689687516
0.10839397106635604
0.10794517907208784
0.10749639094589246
0.10704760671998917
0.10659882642700114
0.1061500500999623
0.10570127777232424
0.10525250947796326
0.10480374525118759
0.10435498512674478
0.10390622913982922
0.10345747732608981
0.10300872972163785
0.10255998636305504
0.10211124728740169
0.10166251253222511
0.10121378213556817
0.10076505613597804
0.10031633457251515
0.1
0.09955128609158503
0.09910257672759927
0.09865387194908613
0.09820517179764715
0.09775647631545216
0.09730778554524964
0.09685909953037741
0.09641041831477347
0.09596174194298711
0.09551307046019034
0.09506440391218951
0.09461574234543725
0.09416708580704468
0.0937184343447939
0.0932697880071508
0.09282114684327811
0.09237251090304889
0.09192388023706022
0.09147525489664729
0.09102663493389784
0.09057802040166688
0.09012941135359187
0.08968080784410822
0.08923220992846516
0.08878361766274209
0.08833503110386523
0.08788645030962476
0.0874378753386924
0.08698930625063943
0.08654074310595507
0.08609218596606555
0.08564363489335347
0.08519508995117776
0.08474655120389418
0.0842980187168763
0.08384949255653702
0.08340097279035079
0.08295245948687628
0.08250395271577973
0.08205545254785893
0.08160695905506783
0.08115847231054187
0.08070999238862389
0.08026151936489093
0.07981305331618162
0.07936459432062443
0.07891614245766664
0.07846769780810421
0.07801926045411246
0.07757083047927758
0.07712240796862914
0.07667399300867343
0.07622558568742792
0.07577718609445654
0.07532879432090617
0.07488041045954408
0.07443203460479658
0.07398366685278879
0.07353530730138554
0.07308695605023363
0.07263861320080536
0.07219027885644326
0.07174195312240636
0.07129363610591782
0.0708453279162141
0.07039702866459559
0.0699487384644789
0.06950045743145083
0.06905218568332407
0.06860392334019458
0.06815567052450104
0.06770742736108605
0.06725919397725948
0.06681097050286379
0.06636275707034167
0.06591455381480582
0.0654663608741112
0.0650181783889296
0.06457000650282692
0.06412184536234299
0.06367369511707421
0.06322555591975913
0.06277742792636688
0.062329311296188954
0.06188120619193408
0.06143311277982663
0.06098503122970851
0.06053696171514482
0.06008890441353336
0.05964085950621822
0.05919282717860757
0.05874480762029593
0.058296801025191
0.057848807591645374
0.05740082752259332
0.05695286102569281
0.05650490831347315
0.056056969603488375
0.05560904511847676
0.055161135086526654
0.05471323974124906
0.054265359321957175
0.05381749407385329
0.05336964424822343
0.05292181010264004
0.05247399190117326
0.05202618991461103
0.05157840442068872
0.05113063570432851
0.05068288405788927
0.05023514978142731
0.04978743318296873
0.04933973457879381
0.04889205429373427
0.04844439266148398
0.04799675002492392
0.047549126736462125
0.047101523158389516
0.046653939663252486
0.04620637663424318
0.04575883446560847
0.045311313563078805
0.04486381434431801
0.044416337239395275
0.0439688826912807
0.04352145115636587
0.04307404310501082
0.04262665902211922
0.04217929940774337
0.04173196477772097
0.041284655664345686
0.04083737261707366
0.040390116203268274
0.039942887008985746
0.03949568563980421
0.03904851272169924
0.03860136890196894
0.038154254850212004
0.037707171259362474
0.03726011884678513
0.03681309835543581
0.03636611055509138
0.03591915624365444
0.035472236248538104
0.03502535142813715
0.034578502673391694
0.03413169090945078
0.03368491709744338
0.03323818223636545
0.03279148736509209
0.03234483356452498
0.03189822195988616
0.031451653723170214
0.031005130075768123
0.030558652291277535
0.030112221698515403
0.029665839684750787
0.02921950769917738
0.02877322725664737
0.02832699994169055
0.027880827412845265
0.027434711407330538
0.026988653746092207
0.026542656339259448
0.02609672119205238
0.025650850411186178
0.02520504621182253
0.02475931092512548
0.024313647006485715
0.023868057044485445
0.023422543770685166
0.022977110070324356
0.022531758994040217
0.022086493770722762
0.021641317821640815
0.021196234775992532
0.020751248488055964
0.020306363056141013
0.019861582843574276
0.019416912501983602
0.018972356997190933
0.01852792163807135
0.018083612108794667
0.017639434504935762
0.01719539537402299
0.016751501761194207
0.016307761260750484
0.01586418207454359
0.01542077307831103
0.014977543897289603
0.01453450499270531
0.014091667761067083
0.013649044648601493
0.013206649283677483
0.012764496630714127
0.012322603169879789
0.011880987107930866
0.011439668626874337
0.010998670178868691
0.01055801683803835
0.010117736722856438
0.009677861506717369
0.009238427039656395
0.008799474111431563
0.008361049396177881
0.007923206632786705
0.007486008114894438
0.0070495265927216924
0.006613847730453913
0.00617907332457703
0.005745325582392181
0.0053127529057801805
0.0048815378578257
0.004451908371297117
0.0040241539037302555
0.003598649377511072
0.003175891817696909
0.0027565585820872036
0.002341604160540986
0.0019324300455735685
0.0015312032854245638
0.0011415053216414742
0.0007697986009869486
0.00042919846302252136
0.00015052019965052662
1.5052019965052663e-05
1.5052019965052664e-06
1.5052019965052666e-07
1.5052019965052666e-08
