0.0497119789288536
0.04342027215910306
0.05010645274682256
0.04899291390565888
0.04907409897174377
0.05356842895000534
0.05393889507344856
0.052728370007790085
0.06116700118485272
0.08560908906908302
0.10343687507536307
0.15537611322206132
0.14996772478976905
0.2160902227982928
0.24631300277970997
0.25637536806292555
0.26447404571662786
0.2374080602229504
0.20370884715701648
0.21550524420893913
0.2073951777939509
0.1819405163523698
0.49333429454813965
0.15059198496044837
0.1497733267281803
0.11606526986993425
0.10902934308524498
0.09344496727123569
0.10523177691392807
0.08434265811629219
0.08789664157666026
0.084684345594994
0.07238790547924212
0.06996225358530204
0.06838357190524197
0.052991957578523506
0.06636250838581448
0.06774617937075643
0.05789284723763118
