0.07775152507700277
0.08208336108671076
0.08117792262063273
0.0792183683021641
0.09169135546263148
0.07470495096557277
0.08524280478014762
0.07473515930097227
0.09248002442489606
0.12191049138555503
0.12214510026434258
0.17178231336726954
0.18018631886809489
0.26202691675321516
0.2517371310563534
0.36796930098546504
0.43767416853648294
0.4461029526197317
0.4543562653945234
0.40781683805839114
0.2539307337219133
0.21446766913438334
0.2724410219709496
0.2315939078936911
0.19049248128084817
0.180872701373422
0.1817965566339621
0.15943560776940244
0.13891572517848394
0.13731935745220916
0.12926747407173592
0.11871018390053095
0.1056819452968207
0.11597594652165204
0.1198693553646149
0.12045814136914425
0.09987189212103377
0.10013861225119121
0.11811041182897422
