0.8
0.8200000000000001
0.8400000000000001
0.8600000000000001
0.8800000000000001
0.9000000000000001
0.9200000000000002
0.9400000000000002
0.9600000000000002
0.9800000000000002
0.983
0.988
0.993
0.998
1.0000000000000002
1.0030000000000001
1.008
1.013
1.018
1.0200000000000002
1.0400000000000003
1.0600000000000003
1.0800000000000003
1.1000000000000003
1.1200000000000003
1.1400000000000003
1.1600000000000004
1.1800000000000004
1.2000000000000004
1.2200000000000004
1.2400000000000004
1.2600000000000005
1.2800000000000005
1.3000000000000005
1.3200000000000005
1.3400000000000005
1.3600000000000005
1.3800000000000006
1.4000000000000006
