0.1101504211791542
0.11891053622379436
0.13760104786030564
0.14544256555302149
0.12247036462633952
0.1635901133784475
0.14803422410204709
0.20112698701494663
0.2844189100053944
0.3926372352160235
0.6788471206115619
0.8044387360396361
0.5382868206041873
0.5443627397455167
0.5943565115152827
0.32933358532296425
0.2828558967305391
0.32237329103574647
0.3017703636955675
0.26553017849072186
0.24744245723237387
0.2524099336047605
0.19665990248838314
0.20117749916705677
0.20720486160880808
0.17879998706610942
0.1446629298091759
0.1623650188089019
0.15742928907793652
0.15225534545734998
0.15405120516864607
0.13776355660319842
0.14231579993706028
0.11050503556011307
