0.024188971870687526
0.024621100395631146
0.024638225934539962
0.026611890952840705
0.02989168103836708
0.026016745978162392
0.028026256295079686
0.031266193772134826
0.038807258169831
0.04369834182711024
0.05199968296094057
0.06769765746946178
0.05778502838152745
0.07135209812115037
0.07220639331496968
0.08216419083252031
0.06731249455033374
0.07927749704596893
0.10006697795989278
0.08156314945720922
0.10870366901694792
0.07343130572852337
0.09436781711536577
0.10929992788496741
0.12415888600370191
0.0998515995576305
0.07601554725994963
0.05526380995366463
0.0525671155051301
0.05015205626247843
0.03420422930920804
0.042447983966532606
0.038499910217748595
0.02920893050042096
0.03389390387079119
0.031686746941639844
0.0275067410675228
0.03372032943680554
0.030411382597130037
