0.07124001617991636
0.08224027413630415
0.08203804221634452
0.07432002164313835
0.07632023347259863
0.10276646534038288
0.09549325519161532
0.12089108020388316
0.14707292808451466
0.16427097461786863
0.18118537610468324
0.2414407253488322
0.2346886491795526
0.17928950004976735
0.4248796109143727
0.35556561246528573
0.3487943588400765
0.2802763769706987
0.298031337890416
0.1728688328647059
0.13775592968817982
0.09164421568310435
0.06793379614804841
0.8438133670525171
0.07274553492537307
0.07014648402746836
0.30850238217868314
