0.1608584670198412
0.13230087570975027
0.15321063470318652
0.19240505845032618
0.17889195938339295
0.17066156584455014
0.18743994975921163
0.26928933867698895
0.24393701121184916
0.26220721970757493
0.2388853448126546
0.5804965014354003
0.6451047090383351
0.8951787881816108
0.8491308065563752
0.5553165352551259
1.1304237400669999
1.4059339363100747
1.2373663914260349
1.0587668150724014
0.9069435392266991
0.5085975684418526
0.592483629809414
0.1818161029733188
0.1821285631777695
0.1498036611172595
0.15027990580791575
0.16076249547118257
0.1472445961907024
0.15296477108117296
0.12226920875366071
