0.00028586743503420504
0.00031167734776601965
0.0003591184325865264
0.00031107985042071797
0.00026716707167347766
0.00023665749913039897
0.00031430928185378275
0.000411871703873371
0.0004515689641897923
0.00043400112711751274
0.0005949314666147513
0.000446899838354667
0.0007823763232205822
0.0009092360976490184
0.0011127808089580267
0.0010823719974626393
0.001358879190036795
0.000904312926649559
0.0011077477784092941
0.000849660139523305
0.0009574701647353876
0.0012282953509185693
0.009728320241613903
0.0008963079077460343
0.0007838998301305412
0.0006390421236432241
0.0006478853808712841
0.0005890843134213324
0.0005894849173836721
0.0004905238141225041
0.00045054540518448444
0.0005204110061081449
0.0005043786273945633
0.00041721929021414187
0.00037004776466625716
0.0003486221383056744
0.0005314257261002394
0.0003712553366080594
0.0004371506282132416
