0.0003040908155323293
0.000295106960756552
0.0002320147185516817
0.0002449697671939616
0.00020007535904537137
0.0002727463439726457
0.00026449834440852064
0.0002720258889296873
0.0003469491762201301
0.0003653263301742372
0.0004573482489465705
0.0004212598269258191
0.000586978658990401
0.0007010556418399799
0.0007062420030574427
0.0008933103080181316
0.0009995155508084118
0.0010151875125441565
0.000967475105431308
0.0008619278654763406
0.0022447433120608737
0.0006934799391511711
0.0006224797485279098
0.0006830615908389849
0.0005787338280289655
0.000587325867392605
0.0003941295569840672
0.0005089315167829909
0.0004518763009203833
0.00037703982579846565
0.00037542590966970017
0.0004053878742192815
0.0003430362022921066
0.0003825428709917508
0.00037289322885218276
0.0003577488753751639
0.0003338434027615716
0.00028448956180427483
0.00032913967184802496
