0.00019174598921112827
0.00026073057505920016
0.00025080944488012065
0.0002803097351502828
0.000289983590447421
0.000309242007116065
0.00038754695141082367
0.000501284244595258
0.0006348046218508638
0.0006680538021010561
0.0009364063153651929
0.000952676143878768
0.0008498574690595032
0.0008378955360901005
0.000718448048124515
0.000700228521610749
0.0005754156739999212
0.0005223599418397796
0.0005277866853657647
0.0004212275154400829
0.000499064441893386
0.0003700924805135855
0.00048074555289643825
0.0003400163842316213
0.0003177848881508399
0.00030276463239732983
0.000370738518188694
0.0003235214983526274
0.00032661267234375375
0.00031242024099129137
0.00023390790395398745
0.0002497529018886531
0.0002793169922811572
0.00025723100408244236
