0.00039059070588790207
0.0004168325024173501
0.00033802659436644084
0.0003337328445094999
0.00035318991522339063
0.00035836032707336796
0.0005014745847409892
0.000549510032306547
0.0005346561764985318
0.0005579810310271468
0.0009208023517892734
0.0008308213026483862
0.0008855855155192327
0.0011015833954808128
0.0009665447568650377
0.0011555337205927335
0.0011515886603367506
0.0011794964565560741
0.001409500545944039
0.0015172716555341209
0.001502785013298079
0.001920628785900355
0.0017525768275381388
0.0016036137164581591
0.0015834088296278592
0.0014327412229390925
0.0008473731116368869
0.0008019758511613959
0.0007925711952854095
0.000883322431233016
0.0006292481539465105
0.0006082445711407938
0.0005536536446439307
0.0006315549292499796
0.0005699551764235311
0.0005176223041496327
0.0004903843987425459
0.0006088126586233461
0.00044570595243441114
