0.04807593752214335
0.035462050925779615
0.03968921458442007
0.043289864255956094
0.04095303051269476
0.03528427366199432
0.04377431937472548
0.04511227675942507
0.048863775624513724
0.08019820115316464
0.11338938560177782
0.137946802021421
0.1473686559236376
0.18037056427116827
0.1933393707195868
0.21442865982698453
0.2300955770224611
0.22886161145246456
0.21042747606950502
0.17167834267401544
0.17849973089963683
0.1313478143232741
0.11164065215179747
0.1019017878395545
0.08915941538869242
0.08493503706997795
0.10296765679734995
0.0786884976142971
0.08160741208563999
0.05676401406133535
0.07144593467276833
0.06428540838971696
0.07046285006016378
0.0658189929874995
0.06342393625943576
0.06683365233606435
0.04996828922716287
0.03881643666342345
0.06642205357330264
