0.04058951591055649
0.038629293064980974
0.047092606763658194
0.0436896077808184
0.04485135299911534
0.04143347753259502
0.047624858296305805
0.04533252143590353
0.05756523043545737
0.06597377083310076
0.07941703227289783
0.10000948122543313
0.10562327729824698
0.1341783293260555
0.16689131653251735
0.18444818101227484
0.23168565841957559
0.19913431595295186
0.17064183061350702
0.19084687413763401
0.17642708488542094
0.1333691296497985
0.4870626492322182
0.1369924021405212
0.12107146827174002
0.09218718967950988
0.08665461039332961
0.07313298552430131
0.07950962839431212
0.06603692645433795
0.07218494542400508
0.07248043668787245
0.06145585123876347
0.06574284681114116
0.06297392616882957
0.0466739507415778
0.05595802539386925
0.05695119111489515
0.04629121081062572
