0.05213095686519302
0.06003762767611008
0.07594066437842711
0.0678530499670476
0.07875611876122741
0.05466790901220519
0.06986162767125942
0.0641440504401678
0.09125524815150818
0.09914305401990013
0.09345351247563624
0.12543002163910627
0.13906702743775207
0.19975914863484107
0.20493708455210052
0.23850160686673727
0.3187380938212361
0.3237223290496898
0.3815531526336509
0.3240407851453543
0.2278288896500284
0.18796948794803892
0.2139028435960881
0.1957392473651333
0.16754023238682558
0.14908894614485332
0.1304220938089161
0.1303692099024592
0.11578422284725232
0.09946527051694427
0.09745899135525218
0.09582775525317525
0.09935997606203666
0.09688809085309039
0.08720326436662068
0.09427017149161591
0.07149336661915275
0.08639241701148437
0.08194205845669263
