0.06826544170543042
0.06919589647177508
0.06212584715111068
0.05815133001930707
0.07416040396954926
0.0605333558870441
0.06579946256321129
0.07656429267661416
0.06467834807835923
0.08725532391924756
0.11323634924711487
0.12254648705014809
0.15576664016875622
0.21209512723560134
0.2952294823746568
0.3526752007412438
0.43544223574709606
0.4087951641695257
0.28263561223837297
0.2820899823799285
0.2377714960453801
0.18337134650162346
0.2150152774659174
0.1350026643002266
0.1745065146401599
0.13448518763757328
0.169470003087831
0.1410207187282407
0.10210054328595554
0.12440651464761489
0.12005236784836493
0.10676642588201417
0.07754846385376522
0.08423460399302699
0.09556113527843232
0.08050382571474363
0.08434622453829117
0.0720649765507984
0.08775218333184531
