0.08057160110869942
0.10587210310607284
0.09815335765560872
0.10840367227294707
0.12118660104705652
0.14917036141432546
0.15896023030822545
0.20917371879033472
0.31878695411381225
0.4784256886459975
0.6288192863373492
0.6551841945629365
0.43656840759644067
0.4699722984865232
0.4096458888893683
0.27829300379662275
0.25158549704983424
0.2493122196171811
0.2751118169444361
0.19306975363921042
0.17684018849929634
0.18573735193753854
0.16867608668871786
0.20237672586057487
0.15936268047190552
0.1487908530608671
0.1253959362961995
0.12419597671989045
0.08517547265195521
0.11653840066359318
0.14020645637868492
0.09584645274301425
0.11468898978602261
0.09660827518868075
