0.09636800033494063
0.1024079009817073
0.11941558631913302
0.11014619851502239
0.11490275057097177
0.15211077403277662
0.12689443590186927
0.14632641343455394
0.2063200926811228
0.2189184278441757
0.4930168375162487
0.6220569384774643
0.5366478002258178
0.46609767252047574
0.42798025145918117
0.2987244196454398
0.23654097621932224
0.24133991872973862
0.207920688234978
0.2342574002401134
0.20850812570784721
0.1935965773845002
0.14846612507322066
0.14800811117285032
0.17239196974674995
0.15102203554757582
0.12264588748600516
0.13893730511901958
0.1198456408527776
0.11772198036122229
0.12551587044077359
0.1326980577464759
0.11682138777793158
0.10322764444882594
