0.016821188801461988
0.017861041457691677
0.020563444294067437
0.019032056156910716
0.02305939021120774
0.020776522999272767
0.02131872744978298
0.022462923660804452
0.026864381317720062
0.032996604394962034
0.040258067913578714
0.043632963767389996
0.042859746347927136
0.055405141218945804
0.05276012773470075
0.057792223288550736
0.062499251879560215
0.07005562375914408
0.09150907802265959
0.08014598923392897
0.09890514830177538
0.07298095441670424
0.07958773627112825
0.10935346349060832
0.11860467767554521
0.08898187250125009
0.07077399231709701
0.042621762763474354
0.04386948315198966
0.03832600212029017
0.03331321907587498
0.03135974114209913
0.029944292771158357
0.023683860458699968
0.02836487539536769
0.024174287717531825
0.023887025011258882
0.029085312854534643
0.02404153995284007
