0.022790083939663173
0.022647123152301708
0.02287664529673582
0.023213264566159512
0.023791726362689468
0.023338747668397993
0.023037199778246413
0.028504666775497973
0.03265741371337308
0.044099654217572046
0.040157753303113324
0.06337587813621413
0.05551692677986131
0.05844599659522954
0.061751622495717716
0.0730816563433305
0.07192814705794001
0.0801109586022953
0.0682372963714088
0.0632182624267988
0.061087639134491875
0.06517680120519184
0.050956219027826655
0.04722656264573463
0.04564303769698083
0.04846795029072407
0.038844745754503224
0.038746810635908756
0.03543150620865203
0.030998492324278964
0.033305843656757955
0.027680016515256933
0.029110187790330012
0.027640510832306807
0.02388677320031625
0.027219769897365062
0.023690323107825716
0.022126079226957147
0.022875268134391898
