0.075446348272287
0.06435713268279764
0.07801291019224824
0.07499106786651961
0.0660334780610241
0.10256947642485477
0.073341200865744
0.08025929122788933
0.08858157546108746
0.1190887248636847
0.09718890990332334
0.11398633479233265
0.10294635653301307
0.09900397447177355
0.0974992870144092
0.09486329558765184
0.08823904220916927
0.07635096945537251
0.08472694858172629
0.08063047874795393
0.06415044394477892
0.08265018750773404
0.06253786662951454
0.05207139498165037
0.05825932224547991
0.054836536572073956
0.053048899397071234
