0.06036863346554038
0.06546189273519787
0.0623110616140378
0.05989693909143017
0.05693319594225852
0.07461443008423281
0.07457430026840077
0.092122912695204
0.12311689964651819
0.1501988813043654
0.16854249203582705
0.21926066909121192
0.2355220969004886
0.18013247903497537
0.4267225023188446
0.3519992202745771
0.3431894155352411
0.27109192116408604
0.2813937130743812
0.15938952270794454
0.12510365718493904
0.07732769931234539
0.05475857948170961
0.8375415126579244
0.05314787512176653
0.050264471445988064
0.3029922670699227
