0.128616195264877
0.1224648001184043
0.11871213233958414
0.1361842658617837
0.12581258365286602
0.13591161621934553
0.15898049159003785
0.20658408893240277
0.21491729442750246
0.20325744360053102
0.22672622234353154
0.5273937436605615
0.5759992154619331
0.8817803450442611
0.8132237740898643
0.5365936793311195
1.1120635308136302
1.400569283521148
1.1962298745088213
1.0571519537022265
0.8460537716221888
0.5004383472039043
0.5865195817040754
0.1571019506339623
0.15314206823381016
0.12258503380287407
0.11511632426702878
0.12811310923171437
0.1139580699641692
0.11224926186423156
0.09766420592485554
