0.12112916900361251
0.12966000005608647
0.17416065753040738
0.12524409822725383
0.14356399485469243
0.15620531265977258
0.15239725210648888
0.1659491945220864
0.2331705649939888
0.19166670384874673
0.2266631050539537
0.25714129322674517
0.2530792315986924
0.21919432412961018
0.3346509520851021
0.2860963290481197
0.2811968108860758
0.20294448346403035
0.24090483518327938
0.2122255349165277
0.2098431724165873
0.18655054573718308
0.1753564336699399
0.14278947789300994
0.14458705190991408
0.13957228245377698
0.12734125572930727
0.12361644536466714
0.10459867383131516
0.10810007974504975
0.09622439058483274
