1.0
0.9997751634540377
0.99955032691376
0.9993254903791695
0.9991006538502688
0.9988758173270603
0.9986509808095467
0.9984261442977306
0.9982013077916143
0.9979764712912007
0.9977516347964921
0.9975267983074912
0.9973019618242006
0.9970771253466229
0.9968522888747605
0.9966274524086162
0.9964026159481923
0.9961777794934917
0.9959529430445169
0.9957281066012702
0.9955032701637545
0.9952784337319723
0.9950535973059262
0.9948287608856189
0.9946039244710527
0.9943790880622304
0.9941542516591546
0.9939294152618278
0.9937045788702527
0.9934797424844318
0.9932549061043678
0.9930300697300634
0.9928052333615209
0.9925803969987431
0.9923555606417327
0.9921307242904922
0.9919058879450242
0.9916810516053314
0.9914562152714163
0.9912313789432815
0.9910065426209298
0.9907817063043638
0.9905568699935859
0.990332033688599
0.9901071973894057
0.9898823610960084
0.9896575248084098
0.9894326885266127
0.9892078522506196
0.9889830159804331
0.9887581797160561
0.9885333434574911
0.9883085072047406
0.9880836709578074
0.987858834716694
0.9876339984814033
0.9874091622519378
0.9871843260283001
0.986959489810493
0.986734653598519
0.9865098173923809
0.9862849811920812
0.9860601449976226
0.9858353088090079
0.9856104726262397
0.9853856364493205
0.9851608002782533
0.9849359641130404
0.9847111279536847
0.9844862918001888
0.9842614556525554
0.9840366195107872
0.983811783374887
0.9835869472448572
0.9833621111207007
0.9831372750024201
0.982912438890018
0.9826876027834972
0.9824627666828605
0.9822379305881104
0.9820130944992496
0.9817882584162809
0.981563422339207
0.9813385862680305
0.9811137502027542
0.9808889141433806
0.9806640780899127
0.9804392420423531
0.9802144060007045
0.9799895699649696
0.9797647339351511
0.9795398979112516
0.9793150618932741
0.9790902258812212
0.9788653898750955
0.9786405538748998
0.9784157178806367
0.9781908818923093
0.97796604590992
0.9777412099334716
0.9775163739629669
0.9772915379984085
0.9770667020397992
0.9768418660871419
0.9766170301404391
0.9763921941996936
0.9761673582649082
0.9759425223360856
0.9757176864132285
0.9754928504963398
0.9752680145854222
0.9750431786804784
0.9748183427815112
0.9745935068885234
0.9743686710015177
0.9741438351204967
0.9739189992454634
0.9736941633764206
0.9734693275133708
0.9732444916563169
0.9730196558052617
0.972794819960208
0.9725699841211585
0.972345148288116
0.9721203124610832
0.971895476640063
0.9716706408250583
0.9714458050160716
0.9712209692131059
0.9709961334161638
0.970771297625248
0.9705464618403618
0.9703216260615075
0.9700967902886882
0.9698719545219064
0.9696471187611652
0.9694222830064672
0.9691974472578153
0.9689726115152123
0.968747775778661
0.9685229400481642
0.9682981043237247
0.9680732686053451
0.9678484328930287
0.9676235971867779
0.9673987614865958
0.9671739257924848
0.9669490901044482
0.9667242544224885
0.9664994187466088
0.9662745830768118
0.9660497474131002
0.9658249117554769
0.9656000761039448
0.9653752404585068
0.9651504048191656
0.9649255691859241
0.9647007335587852
0.9644758979377516
0.9642510623228262
0.964026226714012
0.9638013911113116
0.963576555514728
0.963351719924264
0.9631268843399227
0.9629020487617066
0.9626772131896187
0.9624523776236619
0.9622275420638389
0.9620027065101527
0.9617778709626064
0.9615530354212024
0.9613281998859439
0.9611033643568336
0.9608785288338746
0.9606536933170695
0.9604288578064214
0.9602040223019331
0.9599791868036075
0.9597543513114475
0.9595295158254559
0.9593046803456357
0.9590798448719896
0.9588550094045207
0.9586301739432319
0.9584053384881259
0.9581805030392058
0.9579556675964744
0.9577308321599347
0.9575059967295895
0.9572811613054417
0.9570563258874943
0.9568314904757502
0.9566066550702124
0.9563818196708836
0.956156984277767
0.9559321488908651
0.9557073135101812
0.9554824781357182
0.9552576427674788
0.955032807405466
0.9548079720496828
0.9545831367001322
0.954358301356817
0.9541334660197403
0.9539086306889047
0.9536837953643136
0.9534589600459696
0.9532341247338759
0.9530092894280352
0.9527844541284506
0.952559618835125
0.9523347835480612
0.9521099482672625
0.9518851129927316
0.9516602777244716
0.9514354424624853
0.9512106072067759
0.9509857719573462
0.9507609367141993
0.9505361014773379
0.9503112662467653
0.9500864310224842
0.95
0.949775164784434
0.9495503295751669
0.9493254943722015
0.9491006591755408
0.9488758239851877
0.9486509888011453
0.9484261536234165
0.9482013184520045
0.9479764832869121
0.9477516481281423
0.9475268129756981
0.9473019778295826
0.9470771426897987
0.9468523075563495
0.946627472429238
0.9464026373084671
0.9461778021940399
0.9459529670859594
0.9457281319842288
0.9455032968888508
0.9452784617998286
0.9450536267171651
0.9448287916408634
0.9446039565709266
0.9443791215073576
0.9441542864501595
0.9439294513993354
0.9437046163548882
0.9434797813168211
0.943254946285137
0.9430301112598389
0.94280527624093
0.9425804412284132
0.9423556062222918
0.9421307712225686
0.9419059362292468
0.9416811012423292
0.9414562662618191
0.9412314312877196
0.9410065963200336
0.9407817613587642
0.9405569264039146
0.9403320914554878
0.9401072565134867
0.9398824215779146
0.9396575866487744
0.9394327517260693
0.9392079168098024
0.9389830818999767
0.9387582469965953
0.9385334120996612
0.9383085772091776
0.9380837423251477
0.9378589074475744
0.9376340725764608
0.9374092377118102
0.9371844028536255
0.9369595680019098
0.9367347331566663
0.9365098983178981
0.9362850634856082
0.9360602286597999
0.9358353938404762
0.9356105590276402
0.9353857242212951
0.9351608894214438
0.9349360546280897
0.9347112198412357
0.9344863850608851
0.9342615502870409
0.9340367155197064
0.9338118807588845
0.9335870460045786
0.9333622112567916
0.9331373765155269
0.9329125417807873
0.9326877070525762
0.9324628723308966
0.9322380376157519
0.932013202907145
0.931788368205079
0.9315635335095573
0.931338698820583
0.9311138641381591
0.9308890294622889
0.9306641947929756
0.9304393601302222
0.930214525474032
0.9299896908244082
0.9297648561813538
0.9295400215448723
0.9293151869149665
0.9290903522916398
0.9288655176748953
0.9286406830647362
0.9284158484611658
0.9281910138641871
0.9279661792738035
0.9277413446900181
0.927516510112834
0.9272916755422546
0.9270668409782828
0.9268420064209222
0.9266171718701758
0.9263923373260466
0.9261675027885382
0.9259426682576536
0.9257178337333961
0.9254929992157689
0.9252681647047751
0.9250433302004181
0.924818495702701
0.9245936612116271
0.9243688267271996
0.9241439922494216
0.9239191577782965
0.9236943233138275
0.9234694888560179
0.9232446544048708
0.9230198199603896
0.9227949855225775
0.9225701510914378
0.9223453166669736
0.9221204822491883
0.9218956478380851
0.9216708134336672
0.921445979035938
0.9212211446449006
0.9209963102605583
0.9207714758829145
0.9205466415119724
0.9203218071477351
0.9200969727902062
0.9198721384393888
0.9196473040952861
0.9194224697579014
0.9191976354272381
0.9189728011032995
0.9187479667860887
0.9185231324756092
0.9182982981718644
0.9180734638748573
0.9178486295845913
0.9176237953010697
0.9173989610242959
0.917174126754273
0.9169492924910045
0.9167244582344938
0.9164996239847439
0.9162747897417584
0.9160499555055404
0.9158251212760933
0.9156002870534204
0.9153754528375252
0.9151506186284109
0.9149257844260807
0.9147009502305382
0.9144761160417866
0.9142512818598292
0.9140264476846693
0.9138016135163105
0.9135767793547559
0.913351945200009
0.913127111052073
0.9129022769109514
0.9126774427766474
0.9124526086491646
0.912227774528506
0.9120029404146752
0.9117781063076756
0.9115532722075105
0.9113284381141832
0.9111036040276972
0.9108787699480558
0.9106539358752624
0.9104291018093205
0.9102042677502332
0.9099794336980042
0.9097545996526366
0.909529765614134
0.9093049315824997
0.9090800975577371
0.9088552635398496
0.9086304295288407
0.9084055955247137
0.908180761527472
0.9079559275371191
0.9077310935536583
0.9075062595770931
0.9072814256074269
0.907056591644663
0.906831757688805
0.9066069237398562
0.9063820897978201
0.9061572558627001
0.9059324219344996
0.9057075880132222
0.905482754098871
0.9052579201914498
0.9050330862909618
0.9048082523974106
0.9045834185107995
0.904358584631132
0.9041337507584116
0.9039089168926417
0.9036840830338259
0.9034592491819675
0.9032344153370699
0.9030095814991367
0.9027847476681714
0.9025599138441774
0.9023350800271582
0.9021102462171172
0.901885412414058
0.901660578617984
0.9014357448288987
0.9012109110468056
0.9009860772717082
0.90076124350361
0.9005364097425144
0.9003115759884249
0.9000867422413451
0.9
0.89977516626264
0.899550332532298
0.8993254988089776
0.8991006650926822
0.8988758313834152
0.8986509976811803
0.8984261639859811
0.8982013302978209
0.8979764966167034
0.897751662942632
0.8975268292756102
0.8973019956156416
0.8970771619627298
0.8968523283168783
0.8966274946780907
0.8964026610463703
0.8961778274217209
0.895952993804146
0.895728160193649
0.8955033265902336
0.8952784929939033
0.8950536594046616
0.8948288258225122
0.8946039922474587
0.8943791586795045
0.8941543251186531
0.8939294915649083
0.8937046580182736
0.8934798244787525
0.8932549909463486
0.8930301574210656
0.8928053239029069
0.8925804903918763
0.8923556568879771
0.8921308233912132
0.891905989901588
0.8916811564191051
0.8914563229437682
0.891231489475581
0.8910066560145468
0.8907818225606694
0.8905569891139524
0.8903321556743995
0.8901073222420142
0.8898824888168001
0.889657655398761
0.8894328219879002
0.8892079885842217
0.8889831551877289
0.8887583217984254
0.8885334884163151
0.8883086550414014
0.888083821673688
0.8878589883131787
0.8876341549598769
0.8874093216137863
0.8871844882749106
0.8869596549432535
0.8867348216188186
0.8865099883016095
0.8862851549916301
0.8860603216888838
0.8858354883933744
0.8856106551051056
0.8853858218240811
0.8851609885503046
0.8849361552837796
0.8847113220245099
0.8844864887724991
0.884261655527751
0.8840368222902693
0.8838119890600575
0.8835871558371196
0.8833623226214591
0.8831374894130797
0.8829126562119851
0.8826878230181792
0.8824629898316655
0.8822381566524479
0.88201332348053
0.8817884903159154
0.8815636571586081
0.8813388240086116
0.8811139908659298
0.8808891577305662
0.8806643246025248
0.8804394914818091
0.880214658368423
0.8799898252623702
0.8797649921636546
0.8795401590722797
0.8793153259882494
0.8790904929115673
0.8788656598422373
0.8786408267802631
0.8784159937256485
0.8781911606783972
0.8779663276385131
0.8777414946059999
0.8775166615808614
0.8772918285631013
0.8770669955527234
0.8768421625497316
0.8766173295541295
0.8763924965659211
0.8761676635851101
0.8759428306117003
0.8757179976456955
0.8754931646870995
0.875268331735916
0.8750434987921489
0.8748186658558021
0.8745938329268793
0.8743690000053843
0.8741441670913209
0.873919334184693
0.8736945012855045
0.8734696683937592
0.8732448355094607
0.8730200026326131
0.8727951697632201
0.8725703369012856
0.8723455040468134
0.8721206711998074
0.8718958383602714
0.8716710055282092
0.8714461727036248
0.871221339886522
0.8709965070769046
0.8707716742747764
0.8705468414801415
0.8703220086930036
0.8700971759133667
0.8698723431412344
0.8696475103766108
0.8694226776194998
0.8691978448699051
0.868973012127831
0.868748179393281
0.8685233466662591
0.8682985139467692
0.8680736812348151
0.867848848530401
0.8676240158335305
0.8673991831442077
0.8671743504624364
0.8669495177882206
0.8667246851215641
0.8664998524624709
0.8662750198109449
0.8660501871669901
0.8658253545306104
0.8656005219018096
0.8653756892805918
0.8651508566669609
0.8649260240609208
0.8647011914624754
0.8644763588716288
0.8642515262883849
0.8640266937127475
0.8638018611447208
0.8635770285843086
0.8633521960315149
0.8631273634863437
0.8629025309487989
0.8626776984188845
0.8624528658966046
0.8622280333819631
0.8620032008749638
0.8617783683756111
0.8615535358839085
0.8613287033998603
0.8611038709234705
0.860879038454743
0.8606542059936818
0.8604293735402909
0.8602045410945743
0.8599797086565362
0.8597548762261804
0.859530043803511
0.8593052113885319
0.8590803789812472
0.8588555465816611
0.8586307141897774
0.8584058818056003
0.8581810494291336
0.8579562170603816
0.8577313846993482
0.8575065523460375
0.8572817200004534
0.8570568876626002
0.8568320553324819
0.8566072230101024
0.8563823906954658
0.8561575583885763
0.8559327260894379
0.8557078937980547
0.8554830615144307
0.85525822923857
0.8550333969704766
0.8548085647101549
0.8545837324576085
0.854358900212842
0.8541340679758591
0.8539092357466641
0.853684403525261
0.853459571311654
0.8532347391058471
0.8530099069078445
0.8527850747176503
0.8525602425352686
0.8523354103607036
0.8521105781939592
0.8518857460350397
0.8516609138839493
0.851436081740692
0.851211249605272
0.8509864174776932
0.8507615853579601
0.8505367532460766
0.850311921142047
0.8500870890458754
0.85
0.8497751679147371
0.8495503358373421
0.8493255037678192
0.8491006717061726
0.8488758396524064
0.8486510076065248
0.848426175568532
0.8482013435384321
0.8479765115162293
0.8477516795019279
0.847526847495532
0.8473020154970458
0.8470771835064734
0.8468523515238193
0.8466275195490874
0.8464026875822821
0.8461778556234075
0.8459530236724679
0.8457281917294674
0.8455033597944103
0.8452785278673007
0.8450536959481431
0.8448288640369415
0.8446040321337002
0.8443792002384234
0.8441543683511155
0.8439295364717805
0.8437047046004228
0.8434798727370466
0.8432550408816561
0.8430302090342557
0.8428053771948497
0.8425805453634422
0.8423557135400375
0.8421308817246399
0.8419060499172537
0.8416812181178831
0.8414563863265324
0.841231554543206
0.841006722767908
0.8407818910006429
0.8405570592414149
0.8403322274902282
0.8401073957470871
0.8398825640119961
0.8396577322849595
0.8394329005659815
0.8392080688550664
0.8389832371522186
0.8387584054574423
0.8385335737707419
0.8383087420921217
0.8380839104215861
0.8378590787591395
0.8376342471047861
0.8374094154585302
0.8371845838203764
0.8369597521903288
0.8367349205683918
0.8365100889545699
0.8362852573488674
0.8360604257512885
0.8358355941618377
0.8356107625805194
0.8353859310073379
0.8351610994422977
0.834936267885403
0.8347114363366585
0.8344866047960682
0.8342617732636367
0.8340369417393684
0.8338121102232676
0.8335872787153389
0.8333624472155865
0.8331376157240149
0.8329127842406285
0.8326879527654318
0.8324631212984291
0.832238289839625
0.8320134583890236
0.8317886269466296
0.8315637955124474
0.8313389640864814
0.8311141326687361
0.8308893012592159
0.8306644698579252
0.8304396384648686
0.8302148070800504
0.8299899757034751
0.8297651443351473
0.8295403129750712
0.8293154816232515
0.8290906502796926
0.828865818944399
0.8286409876173753
0.8284161562986256
0.8281913249881548
0.8279664936859673
0.8277416623920675
0.8275168311064599
0.827291999829149
0.8270671685601394
0.8268423372994356
0.8266175060470421
0.8263926748029633
0.8261678435672039
0.8259430123397683
0.8257181811206612
0.825493349909887
0.8252685187074502
0.8250436875133556
0.8248188563276073
0.8245940251502102
0.8243691939811687
0.8241443628204874
0.8239195316681709
0.8236947005242238
0.8234698693886505
0.8232450382614558
0.823020207142644
0.8227953760322199
0.822570544930188
0.822345713836553
0.8221208827513192
0.8218960516744915
0.8216712206060744
0.8214463895460725
0.8212215584944903
0.8209967274513326
0.8207718964166038
0.8205470653903086
0.8203222343724518
0.8200974033630378
0.8198725723620713
0.819647741369557
0.8194229103854994
0.8191980794099032
0.8189732484427731
0.8187484174841138
0.8185235865339296
0.8182987555922256
0.8180739246590063
0.8178490937342763
0.8176242628180402
0.8173994319103028
0.8171746010110688
0.8169497701203428
0.8167249392381294
0.8165001083644334
0.8162752774992597
0.8160504466426126
0.8158256157944971
0.8156007849549177
0.8153759541238792
0.8151511233013863
0.8149262924874436
0.814701461682056
0.8144766308852281
0.8142518000969647
0.8140269693172705
0.8138021385461501
0.8135773077836085
0.8133524770296502
0.81312764628428
0.8129028155475028
0.8126779848193232
0.812453154099746
0.812228323388776
0.812003492686418
0.8117786619926767
0.8115538313075569
0.8113290006310633
0.8111041699632007
0.8108793393039739
0.8106545086533877
0.8104296780114469
0.8102048473781563
0.8099800167535207
0.8097551861375448
0.8095303555302337
0.8093055249315919
0.8090806943416243
0.8088558637603358
0.8086310331877311
0.8084062026238151
0.8081813720685928
0.8079565415220686
0.8077317109842478
0.807506880455135
0.8072820499347351
0.8070572194230529
0.8068323889200933
0.8066075584258612
0.8063827279403615
0.8061578974635989
0.8059330669955784
0.805708236536305
0.8054834060857833
0.8052585756440183
0.8050337452110149
0.8048089147867781
0.8045840843713126
0.8043592539646235
0.8041344235667155
0.8039095931775937
0.8036847627972629
0.803459932425728
0.803235102062994
0.8030102717090658
0.8027854413639482
0.8025606110276464
0.8023357807001652
0.8021109503815096
0.8018861200716844
0.8016612897706946
0.8014364594785452
0.8012116291952412
0.8009867989207875
0.800761968655189
0.8005371383984509
0.800312308150578
0.8000874779115752
0.8
0.7997751697733271
0.7995503395555362
0.7993255093466325
0.7991006791466209
0.7988758489555063
0.7986510187732939
0.7984261885999886
0.7982013584355955
0.7979765282801196
0.7977516981335658
0.7975268679959393
0.7973020378672451
0.7970772077474881
0.7968523776366735
0.7966275475348062
0.7964027174418915
0.7961778873579343
0.7959530572829395
0.7957282272169124
0.795503397159858
0.7952785671117812
0.7950537370726873
0.7948289070425814
0.7946040770214683
0.7943792470093533
0.7941544170062415
0.7939295870121379
0.7937047570270478
0.7934799270509761
0.793255097083928
0.7930302671259086
0.792805437176923
0.7925806072369762
0.7923557773060736
0.7921309473842202
0.791906117471421
0.7916812875676814
0.7914564576730064
0.7912316277874011
0.7910067979108708
0.7907819680434205
0.7905571381850555
0.7903323083357808
0.7901074784956018
0.7898826486645235
0.7896578188425512
0.7894329890296898
0.7892081592259448
0.7889833294313212
0.7887584996458245
0.7885336698694595
0.7883088401022317
0.7880840103441462
0.7878591805952083
0.7876343508554231
0.7874095211247959
0.7871846914033318
0.7869598616910363
0.7867350319879143
0.7865102022939713
0.7862853726092125
0.786060542933643
0.7858357132672682
0.7856108836100933
0.7853860539621237
0.7851612243233645
0.784936394693821
0.7847115650734986
0.7844867354624026
0.784261905860538
0.7840370762679103
0.7838122466845248
0.7835874171103867
0.7833625875455015
0.7831377579898743
0.7829129284435106
0.7826880989064156
0.7824632693785946
0.782238439860053
0.7820136103507962
0.7817887808508294
0.781563951360158
0.7813391218787873
0.7811142924067227
0.7808894629439695
0.7806646334905333
0.7804398040464191
0.7802149746116325
0.7799901451861787
0.7797653157700634
0.7795404863632917
0.779315656965869
0.7790908275778008
0.7788659981990925
0.7786411688297494
0.7784163394697771
0.7781915101191808
0.777966680777966
0.7777418514461382
0.7775170221237027
0.777292192810665
0.7770673635070304
0.7768425342128046
0.7766177049279929
0.7763928756526006
0.7761680463866334
0.7759432171300966
0.7757183878829959
0.7754935586453364
0.7752687294171239
0.7750439001983637
0.7748190709890613
0.7745942417892223
0.7743694125988521
0.7741445834179562
0.7739197542465401
0.7736949250846094
0.7734700959321694
0.7732452667892258
0.7730204376557841
0.7727956085318498
0.7725707794174285
0.7723459503125256
0.7721211212171467
0.7718962921312973
0.771671463054983
0.7714466339882093
0.7712218049309819
0.7709969758833063
0.770772146845188
0.7705473178166327
0.7703224887976458
0.770097659788233
0.7698728307883999
0.7696480017981521
0.7694231728174951
0.7691983438464346
0.7689735148849762
0.7687486859331256
0.7685238569908883
0.7682990280582699
0.7680741991352761
0.7678493702219125
0.7676245413181846
0.7673997124240982
0.767174883539659
0.7669500546648725
0.7667252257997446
0.7665003969442807
0.7662755680984866
0.766050739262368
0.7658259104359305
0.7656010816191798
0.7653762528121216
0.7651514240147617
0.7649265952271056
0.7647017664491591
0.764476937680928
0.7642521089224178
0.7640272801736343
0.7638024514345834
0.7635776227052705
0.7633527939857017
0.7631279652758824
0.7629031365758187
0.762678307885516
0.7624534792049803
0.7622286505342172
0.7620038218732326
0.7617789932220321
0.7615541645806216
0.761329335949007
0.7611045073271938
0.760879678715188
0.7606548501129953
0.7604300215206214
0.7602051929380723
0.7599803643653538
0.7597555358024716
0.7595307072494316
0.7593058787062397
0.7590810501729015
0.758856221649423
0.7586313931358101
0.7584065646320685
0.7581817361382039
0.7579569076542225
0.7577320791801301
0.7575072507159324
0.7572824222616353
0.7570575938172448
0.7568327653827668
0.756607936958207
0.7563831085435716
0.7561582801388662
0.7559334517440968
0.7557086233592694
0.7554837949843897
0.7552589666194638
0.7550341382644975
0.7548093099194969
0.7545844815844679
0.7543596532594163
0.7541348249443481
0.7539099966392694
0.753685168344186
0.7534603400591038
0.7532355117840289
0.7530106835189673
0.7527858552639249
0.7525610270189077
0.7523361987839217
0.7521113705589728
0.7518865423440673
0.7516617141392109
0.7514368859444097
0.7512120577596698
0.7509872295849971
0.7507624014203976
0.7505375732658774
0.7503127451214426
0.7500879169870992
0.75
0.7497751718797041
0.7495503437695141
0.7493255156694361
0.749100687579476
0.74887585949964
0.748651031429934
0.7484262033703644
0.748201375320937
0.747976547281658
0.7477517192525335
0.7475268912335695
0.7473020632247723
0.747077235226148
0.7468524072377026
0.7466275792594423
0.7464027512913732
0.7461779233335014
0.7459530953858331
0.7457282674483745
0.7455034395211317
0.7452786116041108
0.7450537836973181
0.7448289558007597
0.7446041279144417
0.7443793000383705
0.744154472172552
0.7439296443169926
0.7437048164716984
0.7434799886366756
0.7432551608119305
0.7430303329974693
0.7428055051932982
0.7425806773994235
0.7423558496158512
0.7421310218425877
0.7419061940796393
0.7416813663270122
0.7414565385847126
0.7412317108527469
0.7410068831311212
0.7407820554198419
0.7405572277189152
0.7403324000283474
0.7401075723481448
0.7398827446783137
0.7396579170188605
0.7394330893697914
0.7392082617311126
0.7389834341028307
0.7387586064849518
0.7385337788774824
0.7383089512804286
0.738084123693797
0.7378592961175937
0.7376344685518252
0.7374096409964979
0.737184813451618
0.7369599859171921
0.7367351583932265
0.7365103308797274
0.7362855033767014
0.7360606758841548
0.735835848402094
0.7356110209305255
0.7353861934694557
0.7351613660188908
0.7349365385788375
0.734711711149302
0.7344868837302909
0.7342620563218106
0.7340372289238676
0.7338124015364682
0.7335875741596191
0.7333627467933265
0.733137919437597
0.732913092092437
0.7326882647578532
0.7324634374338519
0.7322386101204397
0.732013782817623
0.7317889555254083
0.7315641282438022
0.7313393009728112
0.7311144737124418
0.7308896464627004
0.7306648192235937
0.7304399919951283
0.7302151647773106
0.7299903375701473
0.7297655103736449
0.72954068318781
0.7293158560126489
0.7290910288481686
0.7288662016943753
0.7286413745512759
0.7284165474188768
0.7281917202971848
0.7279668931862064
0.7277420660859482
0.7275172389964167
0.7272924119176188
0.727067584849561
0.7268427577922499
0.7266179307456923
0.7263931037098945
0.7261682766848635
0.7259434496706059
0.7257186226671283
0.7254937956744375
0.7252689686925401
0.7250441417214427
0.7248193147611521
0.724594487811675
0.7243696608730181
0.7241448339451881
0.7239200070281918
0.7236951801220358
0.7234703532267269
0.7232455263422719
0.7230206994686775
0.7227958726059505
0.7225710457540975
0.7223462189131253
0.7221213920830408
0.7218965652638507
0.7216717384555619
0.721446911658181
0.7212220848717148
0.7209972580961702
0.7207724313315541
0.7205476045778731
0.7203227778351342
0.7200979511033442
0.7198731243825098
0.719648297672638
0.7194234709737357
0.7191986442858096
0.7189738176088666
0.7187489909429136
0.7185241642879574
0.718299337644005
0.7180745110110631
0.7178496843891389
0.717624857778239
0.7174000311783705
0.7171752045895402
0.716950378011755
0.7167255514450218
0.7165007248893477
0.7162758983447396
0.7160510718112043
0.7158262452887489
0.7156014187773804
0.7153765922771056
0.7151517657879315
0.7149269393098652
0.7147021128429135
0.7144772863870835
0.7142524599423822
0.7140276335088167
0.7138028070863939
0.7135779806751207
0.7133531542750042
0.7131283278860516
0.7129035015082699
0.7126786751416659
0.712453848786247
0.71222902244202
0.7120041961089921
0.7117793697871704
0.7115545434765618
0.7113297171771734
0.7111048908890124
0.7108800646120859
0.7106552383464009
0.7104304120919646
0.710205585848784
0.7099807596168665
0.7097559333962189
0.7095311071868486
0.7093062809887627
0.7090814548019683
0.7088566286264725
0.7086318024622824
0.7084069763094054
0.7081821501678486
0.707957324037619
0.7077324979187241
0.7075076718111708
0.7072828457149666
0.7070580196301185
0.7068331935566339
0.7066083674945198
0.7063835414437836
0.7061587154044325
0.7059338893764738
0.7057090633599147
0.7054842373547624
0.7052594113610242
0.7050345853787074
0.7048097594078193
0.7045849334483673
0.7043601075003584
0.7041352815638001
0.7039104556386997
0.7036856297250645
0.7034608038229019
0.7032359779322191
0.7030111520530236
0.7027863261853226
0.7025615003291235
0.7023366744844336
0.7021118486512603
0.701887022829611
0.7016621970194932
0.7014373712209141
0.7012125454338812
0.7009877196584019
0.7007628938944835
0.7005380681421336
0.7003132424013594
0.7000884166721685
0.7
0.69977517428696
0.6995503485855211
0.6993255228956907
0.6991006972174764
0.6988758715508854
0.6986510458959254
0.6984262202526038
0.6982013946209281
0.6979765690009059
0.6977517433925445
0.6975269177958516
0.6973020922108346
0.6970772666375011
0.6968524410758586
0.6966276155259147
0.6964027899876768
0.6961779644611525
0.6959531389463496
0.6957283134432755
0.6955034879519376
0.6952786624723438
0.6950538370045015
0.6948290115484184
0.694604186104102
0.6943793606715599
0.6941545352508
0.6939297098418296
0.6937048844446564
0.6934800590592882
0.6932552336857326
0.6930304083239972
0.6928055829740897
0.6925807576360178
0.6923559323097891
0.6921311069954114
0.6919062816928921
0.6916814564022393
0.6914566311234606
0.6912318058565636
0.6910069806015562
0.6907821553584459
0.6905573301272406
0.6903325049079482
0.6901076797005762
0.6898828545051324
0.6896580293216247
0.6894332041500608
0.6892083789904485
0.6889835538427955
0.6887587287071097
0.688533903583399
0.6883090784716712
0.688084253371934
0.6878594282841952
0.6876346032084628
0.6874097781447446
0.6871849530930484
0.6869601280533821
0.6867353030257536
0.6865104780101707
0.6862856530066415
0.6860608280151737
0.6858360030357752
0.685611178068454
0.6853863531132178
0.6851615281700748
0.6849367032390328
0.6847118783200997
0.6844870534132836
0.6842622285185925
0.6840374036360343
0.6838125787656167
0.683587753907348
0.6833629290612362
0.6831381042272892
0.6829132794055148
0.6826884545959213
0.6824636297985167
0.6822388050133089
0.682013980240306
0.6817891554795161
0.6815643307309472
0.6813395059946074
0.6811146812705046
0.6808898565586471
0.6806650318590428
0.6804402071717
0.6802153824966266
0.6799905578338308
0.6797657331833207
0.6795409085451044
0.6793160839191902
0.6790912593055861
0.6788664347043003
0.6786416101153409
0.678416785538716
0.6781919609744339
0.6779671364225027
0.6777423118829308
0.677517487355726
0.6772926628408968
0.6770678383384514
0.676843013848398
0.6766181893707447
0.6763933649055
0.6761685404526718
0.6759437160122687
0.6757188915842987
0.6754940671687703
0.6752692427656916
0.6750444183750709
0.6748195939969166
0.674594769631237
0.6743699452780403
0.6741451209373348
0.673920296609129
0.6736954722934311
0.6734706479902496
0.6732458236995927
0.6730209994214689
0.6727961751558863
0.6725713509028536
0.672346526662379
0.672121702434471
0.6718968782191379
0.6716720540163882
0.6714472298262303
0.6712224056486726
0.6709975814837237
0.6707727573313917
0.6705479331916855
0.6703231090646132
0.6700982849501834
0.6698734608484047
0.6696486367592854
0.6694238126828341
0.6691989886190592
0.6689741645679694
0.6687493405295731
0.6685245165038789
0.6682996924908953
0.6680748684906308
0.667850044503094
0.6676252205282935
0.6674003965662378
0.6671755726169357
0.6669507486803955
0.6667259247566261
0.6665011008456357
0.6662762769474333
0.6660514530620274
0.6658266291894266
0.6656018053296396
0.6653769814826751
0.6651521576485416
0.6649273338272479
0.6647025100188027
0.6644776862232146
0.6642528624404923
0.6640280386706445
0.66380321491368
0.6635783911696075
0.6633535674384358
0.6631287437201735
0.6629039200148293
0.6626790963224122
0.6624542726429308
0.6622294489763939
0.6620046253228103
0.661779801682189
0.6615549780545384
0.6613301544398676
0.6611053308381855
0.6608805072495006
0.6606556836738221
0.6604308601111585
0.6602060365615189
0.6599812130249121
0.659756389501347
0.6595315659908324
0.6593067424933773
0.6590819190089905
0.658857095537681
0.6586322720794577
0.6584074486343297
0.6581826252023056
0.6579578017833947
0.6577329783776057
0.6575081549849476
0.6572833316054295
0.6570585082390603
0.656833684885849
0.6566088615458047
0.6563840382189362
0.6561592149052528
0.6559343916047633
0.655709568317477
0.6554847450434026
0.6552599217825494
0.6550350985349265
0.6548102753005428
0.6545854520794075
0.6543606288715298
0.6541358056769186
0.6539109824955832
0.6536861593275326
0.653461336172776
0.6532365130313226
0.6530116899031814
0.6527868667883616
0.6525620436868724
0.6523372205987231
0.6521123975239227
0.6518875744624806
0.6516627514144059
0.6514379283797078
0.6512131053583956
0.6509882823504785
0.6507634593559657
0.6505386363748665
0.6503138134071902
0.6500889904529461
0.65
0.6497751770645204
0.6495503541424952
0.6493255312339338
0.6491007083388454
0.6488758854572394
0.6486510625891251
0.648426239734512
0.6482014168934093
0.6479765940658263
0.6477517712517726
0.6475269484512576
0.6473021256642905
0.6470773028908807
0.6468524801310378
0.6466276573847711
0.6464028346520901
0.6461780119330043
0.645953189227523
0.6457283665356558
0.6455035438574122
0.6452787211928015
0.6450538985418335
0.6448290759045174
0.6446042532808629
0.6443794306708795
0.6441546080745767
0.643929785491964
0.643704962923051
0.6434801403678473
0.6432553178263625
0.6430304952986061
0.6428056727845878
0.6425808502843172
0.6423560277978039
0.6421312053250574
0.6419063828660875
0.6416815604209037
0.6414567379895159
0.6412319155719335
0.6410070931681663
0.640782270778224
0.6405574484021164
0.640332626039853
0.6401078036914436
0.6398829813568979
0.6396581590362258
0.6394333367294369
0.639208514436541
0.6389836921575479
0.6387588698924673
0.638534047641309
0.638309225404083
0.6380844031807988
0.6378595809714664
0.6376347587760957
0.6374099365946964
0.6371851144272783
0.6369602922738514
0.6367354701344256
0.6365106480090107
0.6362858258976166
0.6360610038002532
0.6358361817169305
0.6356113596476584
0.6353865375924468
0.6351617155513056
0.6349368935242449
0.6347120715112745
0.6344872495124045
0.634262427527645
0.6340376055570056
0.6338127836004968
0.6335879616581283
0.6333631397299102
0.6331383178158526
0.6329134959159656
0.6326886740302591
0.6324638521587432
0.6322390303014281
0.6320142084583239
0.6317893866294406
0.6315645648147884
0.6313397430143775
0.6311149212282178
0.6308900994563197
0.6306652776986932
0.6304404559553486
0.630215634226296
0.6299908125115457
0.6297659908111076
0.6295411691249923
0.6293163474532097
0.6290915257957703
0.6288667041526843
0.6286418825239619
0.6284170609096134
0.628192239309649
0.627967417724079
0.6277425961529138
0.6275177745961638
0.627292953053839
0.6270681315259501
0.6268433100125073
0.6266184885135209
0.6263936670290013
0.626168845558959
0.6259440241034043
0.6257192026623476
0.6254943812357993
0.6252695598237697
0.6250447384262696
0.6248199170433091
0.6245950956748988
0.6243702743210492
0.6241454529817707
0.6239206316570739
0.6236958103469693
0.6234709890514674
0.6232461677705786
0.6230213465043136
0.6227965252526829
0.6225717040156971
0.6223468827933667
0.6221220615857023
0.6218972403927144
0.6216724192144139
0.6214475980508112
0.621222776901917
0.6209979557677419
0.6207731346482965
0.6205483135435916
0.6203234924536379
0.620098671378446
0.6198738503180266
0.6196490292723904
0.6194242082415482
0.6191993872255107
0.6189745662242886
0.6187497452378927
0.6185249242663338
0.6183001033096226
0.61807528236777
0.6178504614407867
0.6176256405286836
0.6174008196314715
0.6171759987491613
0.6169511778817638
0.6167263570292898
0.6165015361917503
0.6162767153691562
0.6160518945615183
0.6158270737688476
0.6156022529911549
0.6153774322284512
0.6151526114807475
0.6149277907480547
0.6147029700303839
0.6144781493277459
0.6142533286401519
0.6140285079676128
0.6138036873101395
0.6135788666677432
0.6133540460404349
0.6131292254282256
0.6129044048311264
0.6126795842491485
0.6124547636823029
0.6122299431306006
0.6120051225940529
0.611780302072671
0.6115554815664658
0.6113306610754486
0.6111058405996306
0.6108810201390228
0.6106561996936366
0.6104313792634831
0.6102065588485736
0.6099817384489191
0.6097569180645311
0.6095320976954207
0.6093072773415993
0.6090824570030781
0.6088576366798684
0.6086328163719814
0.6084079960794286
0.6081831758022213
0.6079583555403707
0.6077335352938883
0.6075087150627854
0.6072838948470733
0.6070590746467637
0.6068342544618677
0.6066094342923968
0.6063846141383624
0.606159793999776
0.6059349738766492
0.6057101537689932
0.6054853336768196
0.6052605136001399
0.6050356935389656
0.6048108734933082
0.6045860534631793
0.6043612334485904
0.604136413449553
0.6039115934660788
0.6036867734981793
0.6034619535458662
0.6032371336091509
0.6030123136880452
0.6027874937825607
0.602562673892709
0.6023378540185018
0.6021130341599509
0.6018882143170677
0.6016633944898642
0.6014385746783518
0.6012137548825426
0.6009889351024481
0.6007641153380802
0.6005392955894504
0.6003144758565707
0.6000896561394529
0.6
0.5997751803049496
0.5995503606256893
0.5993255409622311
0.5991007213145868
0.5988759016827683
0.5986510820667873
0.5984262624666559
0.5982014428823859
0.5979766233139893
0.597751803761478
0.5975269842248638
0.5973021647041589
0.597077345199375
0.5968525257105245
0.5966277062376191
0.5964028867806708
0.5961780673396917
0.5959532479146938
0.5957284285056893
0.5955036091126901
0.5952787897357084
0.5950539703747562
0.5948291510298456
0.5946043317009888
0.594379512388198
0.5941546930914852
0.5939298738108626
0.5937050545463425
0.5934802352979369
0.5932554160656581
0.5930305968495183
0.5928057776495298
0.5925809584657048
0.5923561392980555
0.5921313201465943
0.5919065010113335
0.5916816818922853
0.5914568627894621
0.5912320437028761
0.5910072246325397
0.5907824055784654
0.5905575865406654
0.5903327675191521
0.590107948513938
0.5898831295250355
0.589658310552457
0.5894334915962149
0.5892086726563218
0.58898385373279
0.5887590348256322
0.5885342159348607
0.588309397060488
0.5880845782025268
0.5878597593609896
0.5876349405358888
0.5874101217272372
0.5871853029350472
0.5869604841593316
0.5867356654001028
0.5865108466573736
0.5862860279311566
0.5860612092214644
0.5858363905283097
0.5856115718517052
0.5853867531916637
0.5851619345481978
0.5849371159213201
0.5847122973110437
0.5844874787173812
0.5842626601403452
0.5840378415799488
0.5838130230362045
0.5835882045091254
0.5833633859987242
0.5831385675050137
0.5829137490280069
0.5826889305677165
0.5824641121241556
0.582239293697337
0.5820144752872736
0.5817896568939784
0.5815648385174644
0.5813400201577446
0.5811152018148318
0.5808903834887391
0.5806655651794796
0.5804407468870663
0.580215928611512
0.5799911103528301
0.5797662921110336
0.5795414738861354
0.5793166556781488
0.5790918374870869
0.5788670193129628
0.5786422011557896
0.5784173830155805
0.5781925648923488
0.5779677467861076
0.57774292869687
0.5775181106246494
0.577293292569459
0.5770684745313122
0.576843656510222
0.5766188385062019
0.576394020519265
0.5761692025494249
0.5759443845966948
0.575719566661088
0.575494748742618
0.5752699308412981
0.5750451129571417
0.5748202950901622
0.5745954772403731
0.5743706594077878
0.5741458415924197
0.5739210237942823
0.5736962060133893
0.5734713882497541
0.5732465705033901
0.573021752774311
0.5727969350625303
0.5725721173680615
0.5723472996909182
0.5721224820311142
0.5718976643886629
0.571672846763578
0.5714480291558733
0.5712232115655623
0.5709983939926588
0.5707735764371765
0.570548758899129
0.5703239413785302
0.5700991238753936
0.5698743063897332
0.5696494889215629
0.5694246714708961
0.569199854037747
0.5689750366221292
0.5687502192240567
0.5685254018435432
0.5683005844806026
0.568075767135249
0.5678509498074962
0.5676261324973582
0.5674013152048488
0.567176497929982
0.5669516806727719
0.5667268634332324
0.5665020462113776
0.5662772290072214
0.566052411820778
0.5658275946520614
0.5656027775010857
0.5653779603678649
0.5651531432524133
0.5649283261547448
0.5647035090748738
0.5644786920128143
0.5642538749685805
0.5640290579421866
0.5638042409336469
0.5635794239429756
0.5633546069701869
0.5631297900152952
0.5629049730783146
0.5626801561592595
0.5624553392581443
0.5622305223749832
0.5620057055097906
0.5617808886625808
0.5615560718333683
0.5613312550221675
0.5611064382289929
0.5608816214538588
0.5606568046967797
0.56043198795777
0.5602071712368444
0.5599823545340172
0.5597575378493032
0.5595327211827166
0.5593079045342721
0.5590830879039844
0.558858271291868
0.5586334546979376
0.5584086381222076
0.5581838215646929
0.5579590050254081
0.5577341885043678
0.5575093720015869
0.5572845555170799
0.5570597390508616
0.5568349226029468
0.5566101061733503
0.5563852897620869
0.5561604733691713
0.5559356569946184
0.5557108406384431
0.5554860243006603
0.5552612079812848
0.5550363916803314
0.5548115753978151
0.5545867591337509
0.5543619428881538
0.5541371266610386
0.5539123104524205
0.5536874942623143
0.5534626780907351
0.5532378619376981
0.5530130458032181
0.5527882296873103
0.55256341358999
0.552338597511272
0.5521137814511716
0.551888965409704
0.5516641493868844
0.5514393333827278
0.5512145173972496
0.550989701430465
0.5507648854823892
0.5505400695530375
0.5503152536424252
0.5500904377505675
0.5498656218774799
0.5496408060231776
0.549415990187676
0.5491911743709904
0.5489663585731365
0.5487415427941295
0.5485167270339848
0.5482919112927179
0.5480670955703444
0.5478422798668796
0.5476174641823391
0.5473926485167385
0.5471678328700933
0.546943017242419
0.5467182016337313
0.5464933860440457
0.546268570473378
0.5460437549217436
0.5458189393891585
0.5455941238756382
0.5453693083811983
0.5451444929058548
0.5449196774496231
0.5446948620125193
0.544470046594559
0.5442452311957581
0.5440204158161324
0.5437956004556976
0.5435707851144698
0.5433459697924646
0.5431211544896982
0.5428963392061864
0.5426715239419451
0.5424467086969902
0.5422218934713379
0.541997078265004
0.5417722630780046
0.5415474479103558
0.5413226327620736
0.5410978176331741
0.5408730025236734
0.5406481874335877
0.5404233723629329
0.5401985573117254
0.5399737422799813
0.5397489272677168
0.5395241122749481
0.5392992973016916
0.5390744823479633
0.5388496674137796
0.5386248524991569
0.5384000376041115
0.5381752227286597
0.5379504078728178
0.5377255930366023
0.5375007782200295
0.5372759634231159
0.5370511486458779
0.536826333888332
0.5366015191504947
0.5363767044323825
0.536151889734012
0.5359270750553996
0.535702260396562
0.5354774457575158
0.5352526311382775
0.5350278165388638
0.5348030019592913
0.5345781873995769
0.534353372859737
0.5341285583397886
0.5339037438397481
0.5336789293596326
0.5334541148994587
0.5332293004592432
0.533004486039003
0.5327796716387548
0.5325548572585157
0.5323300428983024
0.5321052285581319
0.5318804142380211
0.5316555999379871
0.5314307856580466
0.5312059713982167
0.5309811571585145
0.530756342938957
0.5305315287395613
0.5303067145603444
0.5300819004013234
0.5298570862625155
0.5296322721439378
0.5294074580456075
0.5291826439675418
0.5289578299097578
0.528733015872273
0.5285082018551043
0.5282833878582692
0.528058573881785
0.527833759925669
0.5276089459899386
0.527384132074611
0.5271593181797037
0.5269345043052343
0.5267096904512198
0.5264848766176781
0.5262600628046263
0.5260352490120822
0.5258104352400632
0.5255856214885868
0.5253608077576707
0.5251359940473324
0.5249111803575894
0.5246863666884596
0.5244615530399604
0.5242367394121098
0.5240119258049252
0.5237871122184244
0.5235622986526253
0.5233374851075454
0.5231126715832027
0.5228878580796151
0.5226630445968002
0.5224382311347762
0.5222134176935607
0.5219886042731716
0.521763790873627
0.5215389774949448
0.5213141641371429
0.5210893508002394
0.5208645374842523
0.5206397241891997
0.5204149109150995
0.52019009766197
0.5199652844298293
0.5197404712186954
0.5195156580285866
0.519290844859521
0.519066031711517
0.5188412185845925
0.5186164054787661
0.5183915923940559
0.5181667793304803
0.5179419662880576
0.5177171532668061
0.5174923402667443
0.5172675272878905
0.5170427143302632
0.5168179013938807
0.5165930884787617
0.5163682755849247
0.5161434627123881
0.5159186498611705
0.5156938370312905
0.5154690242227665
0.5152442114356174
0.5150193986698617
0.5147945859255181
0.5145697732026053
0.514344960501142
0.514120147821147
0.513895335162639
0.5136705225256368
0.5134457099101594
0.5132208973162253
0.5129960847438537
0.5127712721930634
0.5125464596638732
0.5123216471563021
0.5120968346703691
0.5118720222060933
0.5116472097634935
0.5114223973425889
0.5111975849433985
0.5109727725659414
0.5107479602102367
0.5105231478763036
0.5102983355641613
0.5100735232738288
0.5098487110053256
0.5096238987586708
0.5093990865338835
0.5091742743309833
0.5089494621499894
0.508724649990921
0.5084998378537977
0.5082750257386389
0.5080502136454639
0.5078254015742921
0.5076005895251432
0.5073757774980365
0.5071509654929917
0.5069261535100281
0.5067013415491656
0.5064765296104234
0.5062517176938215
0.5060269057993795
0.505802093927117
0.5055772820770537
0.5053524702492093
0.5051276584436036
0.5049028466602565
0.5046780348991877
0.5044532231604171
0.5042284114439645
0.5040035997498499
0.5037787880780931
0.503553976428714
0.5033291648017328
0.5031043531971695
0.502879541615044
0.5026547300553763
0.5024299185181866
0.502205107003495
0.5019802955113215
0.5017554840416864
0.5015306725946098
0.501305861170112
0.5010810497682132
0.5008562383889338
0.5006314270322939
0.500406615698314
0.5001818043870144
0.5
0.49977518872977394
0.4995503774822855
0.4993255662575551
0.4991007550556032
0.4988759438764504
0.49865113272011724
0.49842632158662425
0.49820151047599204
0.4979766993882412
0.4977518883233924
0.4975270772814664
0.4973022662624838
0.4970774552664654
0.49685264429343196
0.49662783334340427
0.4964030224164031
0.4961782115124494
0.495953400631564
0.49572858977376777
0.49550377893908165
0.49527896812752664
0.4950541573391238
0.494829346573894
0.4946045358318584
0.4943797251130381
0.4941549144174542
0.4939301037451277
0.49370529309607986
0.49348048247033194
0.49325567186790503
0.4930308612888205
0.4928060507330996
0.49258124020076355
0.4923564296918338
0.49213161920633164
0.49190680874427856
0.4916819983056959
0.4914571878906052
0.49123237749902793
0.49100756713098553
0.49078275678649963
0.49055794646559175
0.4903331361682835
0.4901083258945965
0.48988351564455246
0.489658705418173
0.48943389521548
0.489209085036495
0.48898427488123997
0.48875946474973664
0.4885346546420069
0.4883098445580725
0.48808503449795554
0.4878602244616778
0.4876354144492613
0.487410604460728
0.48718579449609994
0.4869609845553992
0.4867361746386479
0.48651136474586804
0.4862865548770819
0.4860617450323116
0.48583693521157933
0.48561212541490734
0.4853873156423179
0.4851625058938333
0.4849376961694759
0.4847128864692681
0.48448807679323225
0.48426326714139073
0.48403845751376606
0.48381364791038073
0.4835888383312572
0.4833640287764181
0.48313921924588593
0.4829144097396834
0.48268960025783314
0.48246479080035776
0.48223998136727997
0.4820151719586226
0.4817903625744083
0.48156555321466005
0.4813407438794005
0.48111593456865265
0.4808911252824394
0.4806663160207835
0.48044150678370817
0.4802166975712362
0.47999188838339074
0.4797670792201948
0.47954227008167155
0.47931746096784406
0.47909265187873545
0.47886784281436895
0.4786430337747678
0.47841822475995527
0.4781934157699546
0.4779686068047891
0.4777437978644822
0.4775189889490572
0.4772941800585376
0.4770693711929468
0.4768445623523083
0.47661975353664565
0.4763949447459824
0.4761701359803421
0.47594532723974836
0.4757205185242249
0.4754957098337954
0.4752709011684836
0.4750460925283132
0.474821283913308
0.4745964753234918
0.47437166675888853
0.474146858219522
0.4739220497054162
0.473697241216595
0.4734724327530825
0.47324762431490264
0.47302281590207956
0.4727980075146373
0.4725731991526
0.47234839081599184
0.472123582504837
0.4718987742191597
0.47167396595898425
0.47144915772433493
0.47122434951523606
0.470999541331712
0.4707747331737872
0.47054992504148613
0.47032511693483325
0.470100308853853
0.46987550079857
0.4696506927690088
0.469425884765194
0.4692010767871503
0.46897626883490234
0.46875146090847486
0.46852665300789265
0.4683018451331805
0.46807703728436323
0.4678522294614657
0.4676274216645128
0.4674026138935295
0.46717780614854076
0.4669529984295716
0.46672819073664706
0.4665033830697922
0.46627857542903217
0.4660537678143921
0.4658289602258972
0.4656041526635727
0.46537934512744383
0.4651545376175359
0.4649297301338743
0.46470492267648433
0.46448011524539146
0.46425530784062113
0.46403050046219885
0.4638056931101501
0.46358088578450035
0.4633560784852754
0.4631312712125007
0.462906463966202
0.462681656746405
0.4624568495531355
0.4622320423864192
0.46200723524628196
0.4617824281327496
0.46155762104584813
0.4613328139856034
0.4611080069520413
0.46088319994518795
0.46065839296506944
0.46043358601171175
0.4602087790851411
0.4599839721853835
0.4597591653124653
0.4595343584664127
0.459309551647252
0.4590847448550095
0.4588599380897115
0.45863513135138445
0.4584103246400547
0.45818551795574886
0.4579607112984933
0.45773590466831465
0.45751109806523954
0.45728629148929456
0.45706148494050636
0.4568366784189016
0.45661187192450703
0.45638706545734953
0.4561622590174559
0.45593745260485297
0.45571264621956764
0.4554878398616269
0.4552630335310577
0.455038227227887
0.454813420952142
0.4545886147038497
0.4543638084830373
0.45413900228973203
0.453914196123961
0.45368938998575153
0.45346458387513094
0.45323977779212654
0.45301497173676575
0.452790165709076
0.4525653597090847
0.4523405537368194
0.4521157477923077
0.4518909418755771
0.4516661359866553
0.4514413301255699
0.4512165242923487
0.4509917184870194
0.4507669127096099
0.4505421069601479
0.45031730123866137
0.45009249554517816
0.4498676898797263
0.4496428842423338
0.4494180786330287
0.44919327305183904
0.44896846749879304
0.4487436619739188
0.4485188564772446
0.44829405100879866
0.44806924556860933
0.4478444401567049
0.44761963477311373
0.44739482941786435
0.44717002409098516
0.44694521879250465
0.44672041352245145
0.4464956082808541
0.4462708030677413
0.4460459978831418
0.4458211927270842
0.44559638759959735
0.44537158250071
0.4451467774304511
0.44492197238884956
0.4446971673759343
0.44447236239173427
0.4442475574362786
0.4440227525095963
0.4437979476117165
0.44357314274266835
0.4433483379024811
0.4431235330911841
0.4428987283088065
0.4426739235553777
0.44244911883092714
0.44222431413548424
0.44199950946907846
0.4417747048317393
0.4415499002234964
0.4413250956443794
0.44110029109441784
0.44087548657364156
0.44065068208208025
0.4404258776197637
0.4402010731867218
0.4399762687829844
0.4397514644085815
0.43952666006354296
0.43930185574789893
0.43907705146167947
0.4388522472049146
0.4386274429776346
0.4384026387798697
0.43817783461165005
0.437953030473006
0.4377282263639679
0.43750342228456623
0.43727861823483133
0.4370538142147937
0.436829010224484
0.4366042062639327
0.43637940233317046
0.436154598432228
0.43592979456113595
0.43570499071992524
0.4354801869086266
0.4352553831272709
0.4350305793758891
0.43480577565451217
0.4345809719631711
0.43435616830189694
0.43413136467072083
0.43390656106967396
0.4336817574987875
0.4334569539580927
0.43323215044762087
0.4330073469674034
0.43278254351747164
0.43255774009785714
0.4323329367085913
0.4321081333497057
0.43188333002123197
0.4316585267232017
0.4314337234556467
0.4312089202185986
0.4309841170120893
0.43075931383615057
0.43053451069081433
0.43030970757611253
0.4300849044920772
0.42986010143874037
0.4296352984161341
0.4294104954242906
0.42918569246324206
0.4289608895330207
0.4287360866336588
0.42851128376518877
0.42828648092764293
0.42806167812105383
0.42783687534545395
0.4276120726008758
0.427387269887352
0.42716246720491524
0.4269376645535983
0.4267128619334338
0.4264880593444546
0.4262632567866936
0.42603845426018366
0.42581365176495783
0.42558884930104907
0.42536404686849044
0.4251392444673151
0.4249144420975563
0.4246896397592471
0.4244648374524209
0.42424003517711106
0.4240152329333509
0.42379043072117395
0.42356562854061364
0.4233408263917035
0.4231160242744772
0.42289122218896835
0.42266642013521066
0.4224416181132379
0.42221681612308387
0.4219920141647825
0.42176721223836766
0.4215424103438734
0.4213176084813337
0.42109280665078264
0.42086800485225434
0.4206432030857831
0.4204184013514031
0.4201935996491487
0.4199687979790542
0.419743996341154
0.4195191947354826
0.41929439316207456
0.41906959162096447
0.41884479011218695
0.4186199886357767
0.4183951871917685
0.4181703857801971
0.4179455844010974
0.41772078305450433
0.4174959817404528
0.41727118045897793
0.4170463792101147
0.4168215779938984
0.41659677681036417
0.41637197565954726
0.4161471745414829
0.41592237345620664
0.41569757240375377
0.4154727713841599
0.4152479703974604
0.4150231694436911
0.4147983685228875
0.41457356763508535
0.41434876678032045
0.41412396595862866
0.4138991651700458
0.413674364414608
0.41344956369235103
0.4132247630033111
0.41299996234752434
0.41277516172502693
0.4125503611358551
0.4123255605800451
0.41210076005763335
0.4118759595686563
0.4116511591131504
0.41142635869115224
0.4112015583026984
0.4109767579478255
0.41075195762657035
0.41052715733896966
0.4103023570850603
0.4100775568648792
0.4098527566784633
0.4096279565258497
0.4094031564070754
0.4091783563221776
0.4089535562711934
0.4087287562541602
0.4085039562711153
0.4082791563220961
0.40805435640714005
0.40782955652628466
0.4076047566795675
0.40737995686702627
0.4071551570886986
0.4069303573446223
0.4067055576348352
0.4064807579593752
0.40625595831828026
0.4060311587115884
0.40580635913933766
0.4055815596015662
0.4053567600983123
0.40513196062961415
0.40490716119551007
0.4046823617960385
0.4044575624312379
0.40423276310114686
0.4040079638058039
0.4037831645452477
0.40355836531951694
0.40333356612865046
0.4031087669726871
0.4028839678516658
0.40265916876562546
0.40243436971460517
0.40220957069864405
0.4019847717177813
0.4017599727720561
0.4015351738615078
0.4013103749861758
0.40108557614609947
0.40086077734131836
0.40063597857187205
0.40041117983780017
0.4001863811391424
0.4
0.3997752013662213
0.39955040276796944
0.39932560420528435
0.39910080567820605
0.3988760071867747
0.39865120873103044
0.39842641031101356
0.39820161192676423
0.39797681357832293
0.39775201526573006
0.39752721698902616
0.3973024187482518
0.3970776205434476
0.39685282237465425
0.3966280242419126
0.39640322614526347
0.3961784280847478
0.3959536300604065
0.39572883207228077
0.39550403412041163
0.39527923620484035
0.3950544383256081
0.39482964048275637
0.39460484267632645
0.39438004490635986
0.3941552471728982
0.393930449475983
0.39370565181565603
0.3934808541919591
0.393256056604934
0.3930312590546226
0.39280646154106696
0.39258166406430905
0.39235686662439107
0.3921320692213552
0.3919072718552437
0.39168247452609894
0.3914576772339633
0.3912328799788793
0.3910080827608895
0.3907832855800365
0.3905584884363631
0.39033369132991197
0.39010889426072604
0.38988409722884826
0.38965930023432155
0.3894345032771891
0.38920970635749397
0.3889849094752795
0.3887601126305889
0.3885353158234656
0.3883105190539531
0.3880857223220948
0.38786092562793445
0.3876361289715156
0.3874113323528821
0.38718653577207773
0.3869617392291464
0.38673694272413217
0.386512146257079
0.38628734982803115
0.3860625534370328
0.38583775708412815
0.3856129607693617
0.38538816449277785
0.38516336825442116
0.3849385720543362
0.38471377589256767
0.3844889797691603
0.38426418368415893
0.3840393876376086
0.3838145916295541
0.3835897956600407
0.3833649997291135
0.3831402038368177
0.38291540798319856
0.38269061216830164
0.38246581639217225
0.38224102065485605
0.38201622495639864
0.3817914292968458
0.3815666336762432
0.38134183809463684
0.3811170425520726
0.3808922470485966
0.38066745158425486
0.3804426561590937
0.3802178607731593
0.379993065426498
0.37976827011915637
0.3795434748511809
0.37931867962261817
0.37909388443351494
0.378869089283918
0.37864429417387413
0.37841949910343037
0.37819470407263367
0.37796990908153116
0.37774511413017003
0.37752031921859763
0.37729552434686126
0.3770707295150084
0.37684593472308664
0.37662113997114355
0.3763963452592268
0.3761715505873843
0.3759467559556638
0.3757219613641133
0.37549716681278084
0.3752723723017146
0.3750475778309628
0.37482278340057373
0.3745979890105958
0.3743731946610775
0.37414840035206737
0.3739236060836141
0.3736988118557664
0.3734740176685732
0.3732492235220833
0.3730244294163457
0.37279963535140964
0.3725748413273242
0.37235004734413873
0.3721252534019025
0.371900459500665
0.3716756656404759
0.37145087182138464
0.3712260780434411
0.371001284306695
0.3707764906111963
0.37055169695699497
0.3703269033441411
0.3701021097726849
0.36987731624267656
0.3696525227541665
0.3694277293072052
0.36920293590184317
0.36897814253813105
0.3687533492161196
0.3685285559358596
0.368303762697402
0.36807896950079777
0.367854176346098
0.36762938323335403
0.36740459016261695
0.3671797971339383
0.3669550041473695
0.36673021120296206
0.36650541830076777
0.36628062544083834
0.3660558326232256
0.36583103984798154
0.3656062471151582
0.36538145442480774
0.36515666177698236
0.3649318691717344
0.3647070766091164
0.36448228408918076
0.3642574916119802
0.36403269917756736
0.36380790678599517
0.3635831144373165
0.36335832213158437
0.3631335298688519
0.36290873764917225
0.3626839454725988
0.36245915333918494
0.3622343612489842
0.36200956920205024
0.3617847771984367
0.36155998523819743
0.36133519332138636
0.36111040144805745
0.3608856096182648
0.3606608178320628
0.36043602608950553
0.36021123439064756
0.35998644273554337
0.3597616511242476
0.3595368595568149
0.35931206803330024
0.35908727655375844
0.35886248511824453
0.35863769372681376
0.3584129023795213
0.35818811107642246
0.35796331981757273
0.3577385286030277
0.3575137374328429
0.35728894630707425
0.3570641552257775
0.3568393641890087
0.3566145731968239
0.35638978224927925
0.3561649913464311
0.35594020048833586
0.35571540967505
0.35549061890663014
0.355265828183133
0.3550410375046154
0.3548162468711343
0.3545914562827467
0.3543666657395098
0.35414187524148083
0.35391708478871714
0.35369229438127625
0.3534675040192158
0.35324271370259336
0.3530179234314668
0.35279313320589406
0.35256834302593315
0.3523435528916422
0.3521187628030795
0.35189397276030343
0.3516691827633724
0.351444392812345
0.35121960290728
0.3509948130482361
0.35077002323527234
0.3505452334684477
0.3503204437478213
0.35009565407345244
0.34987086444540055
0.34964607486372506
0.3494212853284856
0.3491964958397419
0.34897170639755376
0.3487469170019812
0.34852212765308427
0.34829733835092314
0.34807254909555807
0.3478477598870496
0.34762297072545817
0.34739818161084446
0.34717339254326923
0.3469486035227934
0.346723814549478
0.346499025623384
0.34627423674457286
0.3460494479131059
0.3458246591290445
0.34559987039245027
0.345375081703385
0.34515029306191053
0.34492550446808884
0.344700715921982
0.3444759274236522
0.3442511389731618
0.3440263505705732
0.343801562215949
0.34357677390935193
0.34335198565084474
0.3431271974404905
0.34290240927835214
0.3426776211644929
0.3424528330989762
0.3422280450818653
0.3420032571132239
0.3417784691931156
0.34155368132160424
0.3413288934987538
0.34110410572462835
0.34087931799929205
0.34065453032280923
0.34042974269524434
0.340204955116662
0.33998016758712685
0.33975538010670375
0.33953059267545765
0.33930580529345367
0.33908101796075696
0.3388562306774329
0.33863144344354706
0.33840665625916494
0.33818186912435233
0.33795708203917507
0.33773229500369917
0.3375075080179908
0.3372827210821162
0.3370579341961418
0.33683314736013403
0.3366083605741597
0.33638357383828554
0.33615878715257846
0.3359340005171056
0.33570921393193404
0.3354844273971312
0.33525964091276456
0.3350348544789017
0.33481006809561037
0.33458528176295843
0.33436049548101393
0.334135709249845
0.3339109230695199
0.3336861369401071
0.33346135086167517
0.3332365648342928
0.33301177885802885
0.3327869929329523
0.3325622070591322
0.33233742123663795
0.3321126354655389
0.3318878497459045
0.3316630640778046
0.3314382784613089
0.33121349289648744
0.3309887073834103
0.3307639219221477
0.33053913651277006
0.33031435115534796
0.330089565849952
0.32986478059665314
0.3296399953955223
0.32941521024663056
0.3291904251500492
0.32896564010584967
0.32874085511410345
0.3285160701748823
0.32829128528825813
0.32806650045430286
0.3278417156730886
0.32761693094468775
0.3273921462691727
0.327167361646616
0.3269425770770904
0.32671779256066885
0.32649300809742443
0.32626822368743025
0.3260434393307597
0.3258186550274862
0.3255938707776835
0.3253690865814253
0.32514430243878567
0.3249195183498386
0.32469473431465845
0.32446995033331955
0.3242451664058965
0.32402038253246407
0.3237955987130971
0.32357081494787066
0.3233460312368599
0.32312124758014016
0.322896463977787
0.322671680429876
0.322446896936483
0.32222211349768404
0.32199733011355525
0.3217725467841729
0.32154776350961345
0.32132298028995354
0.32109819712526994
0.32087341401563957
0.32064863096113955
0.32042384796184714
0.3201990650178398
0.31997428212919504
0.31974949929599067
0.31952471651830455
0.31929993379621485
0.3190751511297998
0.31885036851913773
0.3186255859643073
0.31840080346538724
0.31817602102245646
0.317951238635594
0.3177264563048791
0.3175016740303912
0.3172768918122099
0.31705210965041497
0.31682732754508625
0.3166025454963039
0.31637776350414815
0.3161529815686994
0.3159281996900383
0.31570341786824563
0.3154786361034023
0.3152538543955895
0.31502907274488845
0.3148042911513806
0.31457950961514763
0.31435472813627136
0.3141299467148338
0.3139051653509171
0.31368038404460363
0.31345560279597584
0.3132308216051165
0.31300604047210845
0.31278125939703477
0.3125564783799787
0.3123316974210236
0.31210691652025313
0.311882135677751
0.31165735489360125
0.31143257416788794
0.31120779350069544
0.3109830128921082
0.31075823234221095
0.31053345185108855
0.310308671418826
0.3100838910455086
0.30985911073122174
0.3096343304760511
0.3094095502800824
0.3091847701434016
0.3089599900660949
0.3087352100482487
0.3085104300899495
0.30828565019128407
0.3080608703523393
0.3078360905732023
0.30761131085396043
0.3073865311947011
0.30716175159551207
0.3069369720564812
0.30671219257769655
0.3064874131592464
0.3062626338012192
0.30603785450370363
0.3058130752667885
0.3055882960905629
0.3053635169751161
0.3051387379205375
0.30491395892691664
0.30468917999434353
0.30446440112290807
0.3042396223127006
0.3040148435638115
0.30379006487633137
0.3035652862503511
0.3033405076859617
0.30311572918325447
0.30289095074232075
0.3026661723632523
0.30244139404614084
0.30221661579107856
0.3019918375981576
0.3017670594674705
0.30154228139910993
0.30131750339316876
0.30109272544974003
0.3008679475689171
0.30064316975079347
0.30041839199546283
0.3001936143030191
0.3
0.29977522242486226
0.29955044491288135
0.299325667464152
0.2991008900787692
0.2988761127568281
0.29865133549842415
0.29842655830365283
0.29820178117261004
0.29797700410539174
0.29775222710209426
0.297527450162814
0.2973026732876477
0.29707789647669225
0.29685311973004475
0.29662834304780256
0.29640356643006327
0.29617878987692464
0.29595401338848465
0.2957292369648416
0.2955044606060939
0.29527968431234025
0.29505490808367957
0.29483013192021096
0.2946053558220338
0.29438057978924764
0.29415580382195233
0.29393102792024794
0.2937062520842347
0.2934814763140131
0.29325670060968395
0.29303192497134817
0.2928071493991069
0.29258237389306163
0.29235759845331405
0.292132823079966
0.2919080477731197
0.2916832725328774
0.2914584973593418
0.29123372225261573
0.29100894721280224
0.29078417224000463
0.2905593973343265
0.29033462249587166
0.29010984772474413
0.2898850730210482
0.2896602983848884
0.28943552381636944
0.28921074931559637
0.28898597488267447
0.2887612005177092
0.2885364262208064
0.288311651992072
0.2880868778316122
0.2878621037395335
0.28763732971594275
0.2874125557609468
0.287187781874653
0.28696300805716873
0.28673823430860185
0.2865134606290603
0.28628868701865234
0.2860639134774865
0.2858391400056715
0.2856143666033164
0.2853895932705305
0.28516482000742327
0.28494004681410456
0.2847152736906844
0.28449050063727305
0.28426572765398117
0.28404095474091956
0.28381618189819935
0.28359140912593184
0.28336663642422877
0.28314186379320194
0.28291709123296355
0.282692318743626
0.282467546325302
0.28224277397810454
0.2820180017021468
0.2817932294975423
0.2815684573644049
0.28134368530284853
0.28111891331298755
0.28089414139493657
0.2806693695488105
0.2804445977747244
0.2802198260727938
0.2799950544431343
0.2797702828858619
0.27954551140109296
0.2793207399889439
0.2790959686495316
0.27887119738297317
0.27864642618938595
0.27842165506888766
0.2781968840215962
0.2779721130476298
0.27774734214710706
0.27752257132014674
0.277297800566868
0.27707302988739013
0.27684825928183293
0.27662348875031634
0.2763987182929606
0.27617394790988625
0.2759491776012142
0.27572440736706555
0.27549963720756176
0.27527486712282456
0.275050097112976
0.27482532717813846
0.2746005573184345
0.27437578753398717
0.27415101782491963
0.2739262481913554
0.27370147863341837
0.27347670915123273
0.2732519397449229
0.27302717041461366
0.27280240116043003
0.27257763198249746
0.2723528628809416
0.27212809385588854
0.2719033249074645
0.27167855603579616
0.27145378724101044
0.2712290185232346
0.27100424988259625
0.27077948131922325
0.2705547128332438
0.2703299444247864
0.27010517609398
0.26988040784095374
0.26965563966583705
0.26943087156875983
0.26920610354985214
0.26898133560924453
0.26875656774706774
0.26853179996345294
0.26830703225853153
0.26808226463243534
0.26785749708529644
0.26763272961724727
0.26740796222842067
0.2671831949189497
0.2669584276889678
0.26673366053860886
0.26650889346800694
0.26628412647729643
0.26605935956661225
0.2658345927360895
0.26560982598586363
0.26538505931607054
0.2651602927268464
0.2649355262183276
0.26471075979065123
0.26448599344395435
0.2642612271783746
0.2640364609940498
0.26381169489111833
0.2635869288697188
0.26336216292999015
0.2631373970720718
0.2629126312961033
0.2626878656022248
0.2624630999905767
0.26223833446129974
0.26201356901453504
0.2617888036504241
0.26156403836910885
0.2613392731707314
0.26111450805543446
0.2608897430233609
0.26066497807465405
0.26044021320945765
0.2602154484279157
0.25999068373017276
0.25976591911637353
0.25954115458666327
0.2593163901411875
0.25909162578009226
0.2588668615035238
0.25864209731162885
0.2584173332045545
0.2581925691824482
0.25796780524545787
0.25774304139373166
0.2575182776274183
0.2572935139466668
0.25706875035162646
0.2568439868424472
0.2566192234192792
0.25639446008227296
0.2561696968315796
0.25594493366735044
0.2557201705897373
0.2554954075988923
0.255270644694968
0.25504588187811755
0.2548211191484942
0.25459635650625173
0.2543715939515444
0.2541468314845269
0.2539220691053541
0.2536973068141815
0.253472544611165
0.25324778249646074
0.2530230204702255
0.25279825853261634
0.25257349668379075
0.25234873492390675
0.2521239732531226
0.25189921167159707
0.2516744501794894
0.2514496887769593
0.2512249274641667
0.2510001662412721
0.25077540510843643
0.2505506440658211
0.25032588311358783
0.25010112225189884
0.24987636148091683
0.24965160080080484
0.24942684021172645
0.24920207971384561
0.24897731930732675
0.24875255899233473
0.24852779876903486
0.2483030386375929
0.24807827859817505
0.24785351865094798
0.24762875879607882
0.2474039990337351
0.2471792393640849
0.24695447978729665
0.24672972030353932
0.2465049609129823
0.24628020161579547
0.24605544241214916
0.24583068330221416
0.24560592428616174
0.24538116536416363
0.24515640653639204
0.24493164780301965
0.24470688916421962
0.24448213062016558
0.24425737217103163
0.2440326138169924
0.2438078555582229
0.24358309739489875
0.24335833932719597
0.2431335813552911
0.24290882347936113
0.2426840656995836
0.2424593080161365
0.2422345504291983
0.2420097929389481
0.24178503554556524
0.24156027824922982
0.24133552105012232
0.24111076394842373
0.24088600694431556
0.2406612500379798
0.240436493229599
0.2402117365193562
0.23998697990743492
0.23976222339401923
0.2395374669792937
0.23931271066344348
0.23908795444665412
0.23886319832911182
0.23863844231100323
0.23841368639251553
0.23818893057383647
0.2379641748551543
0.2377394192366578
0.2375146637185363
0.23728990830097965
0.23706515298417824
0.23684039776832305
0.23661564265360552
0.2363908876402177
0.23616613272835218
0.23594137791820208
0.2357166232099611
0.23549186860382343
0.23526711409998385
0.23504235969863777
0.234817605399981
0.23459285120421008
0.23436809711152204
0.23414334312211443
0.23391858923618547
0.23369383545393388
0.23346908177555897
0.2332443282012606
0.23301957473123924
0.23279482136569596
0.23257006810483238
0.23234531494885072
0.23212056189795374
0.23189580895234485
0.23167105611222802
0.23144630337780778
0.23122155074928935
0.23099679822687846
0.23077204581078148
0.23054729350120537
0.2303225412983577
0.2300977892024466
0.22987303721368096
0.2296482853322701
0.22942353355842407
0.22919878189235346
0.22897403033426952
0.22874927888438415
0.22852452754290983
0.22829977631005968
0.22807502518604747
0.22785027417108755
0.22762552326539495
0.2274007724691853
0.2271760217826749
0.2269512712060807
0.22672652073962024
0.22650177038351177
0.22627702013797413
0.2260522700032269
0.2258275199794902
0.22560277006698487
0.22537802026593243
0.22515327057655501
0.22492852099907545
0.22470377153371723
0.2244790221807045
0.22425427294026212
0.22402952381261557
0.22380477479799102
0.22358002589661538
0.22335527710871617
0.2231305284345216
0.22290577987426063
0.22268103142816287
0.22245628309645862
0.2222315348793789
0.22200678677715543
0.2217820387900206
0.2215572909182075
0.22133254316195
0.22110779552148263
0.22088304799704064
0.22065830058886
0.2204335532971774
0.22020880612223026
0.21998405906425672
0.21975931212349564
0.21953456530018664
0.21930981859457002
0.21908507200688687
0.21886032553737902
0.21863557918628906
0.21841083295386027
0.21818608684033672
0.2179613408459632
0.2177365949709853
0.2175118492156493
0.2172871035802024
0.21706235806489235
0.21683761266996784
0.21661286739567825
0.21638812224227377
0.21616337721000536
0.21593863229912472
0.2157138875098844
0.21548914284253773
0.2152643982973388
0.21503965387454246
0.21481490957440447
0.21459016539718131
0.2143654213431303
0.21414067741250956
0.21391593360557795
0.21369118992259525
0.21346644636382203
0.2132417029295197
0.2130169596199504
0.2127922164353772
0.212567473376064
0.21234273044227545
0.2121179876342771
0.21189324495233539
0.21166850239671753
0.21144375996769157
0.21121901766552653
0.21099427549049216
0.21076953344285912
0.21054479152289893
0.21032004973088397
0.21009530806708757
0.20987056653178382
0.20964582512524776
0.2094210838477553
0.2091963426995832
0.20897160168100917
0.2087468607923118
0.20852212003377057
0.20829737940566587
0.20807263890827896
0.20784789854189206
0.2076231583067883
0.20739841820325167
0.20717367823156715
0.20694893839202064
0.2067241986848989
0.20649945911048975
0.20627471966908184
0.2060499803609648
0.20582524118642923
0.20560050214576658
0.20537576323926943
0.20515102446723116
0.2049262858299462
0.20470154732770993
0.20447680896081868
0.2042520707295698
0.20402733263426157
0.20380259467519324
0.20357785685266516
0.20335311916697854
0.2031283816184357
0.20290364420733986
0.20267890693399535
0.20245416979870742
0.2022294328017824
0.20200469594352757
0.20177995922425132
0.20155522264426304
0.20133048620387312
0.20110574990339303
0.20088101374313524
0.2006562777234133
0.20043154184454182
0.20020680610683644
0.2
0.19977526453425348
0.19955052921060093
0.1993257940293622
0.19910105899085823
0.19887632409541103
0.19865158934334368
0.1984268547349804
0.19820212027064646
0.1979773859506683
0.19775265177537343
0.19752791774509046
0.19730318386014914
0.19707845012088035
0.19685371652761613
0.1966289830806896
0.19640424978043503
0.19617951662718786
0.19595478362128468
0.1957300507630632
0.1955053180528624
0.19528058549102228
0.1950558530778841
0.19483112081379028
0.19460638869908445
0.19438165673411137
0.19415692491921704
0.19393219325474867
0.19370746174105466
0.1934827303784846
0.19325799916738928
0.1930332681081208
0.19280853720103244
0.19258380644647868
0.1923590758448153
0.19213434539639926
0.19190961510158883
0.1916848849607435
0.19146015497422408
0.19123542514239256
0.19101069546561228
0.19078596594424782
0.19056123657866506
0.19033650736923116
0.19011177831631465
0.18988704942028528
0.18966232068151415
0.18943759210037364
0.1892128636772375
0.18898813541248077
0.1887634073064799
0.1885386793596126
0.188313951572258
0.18808922394479652
0.18786449647760997
0.18763976917108152
0.18741504202559575
0.1871903150415386
0.1869655882192974
0.18674086155926084
0.18651613506181908
0.18629140872736366
0.1860666825562875
0.18584195654898497
0.1856172307058519
0.1853925050272855
0.18516777951368446
0.18494305416544893
0.1847183289829805
0.18449360396668218
0.18426887911695852
0.18404415443421554
0.18381942991886072
0.183594705571303
0.18336998139195293
0.18314525738122245
0.1829205335395251
0.18269580986727585
0.18247108636489132
0.18224636303278957
0.18202163987139025
0.18179691688111457
0.18157219406238528
0.18134747141562668
0.18112274894126468
0.18089802663972676
0.180673304511442
0.18044858255684107
0.18022386077635627
0.17999913917042148
0.17977441773947223
0.17954969648394564
0.17932497540428052
0.1791002545009173
0.1788755337742981
0.17865081322486667
0.17842609285306843
0.17820137265935052
0.1779766526441617
0.17775193280795254
0.1775272131511752
0.17730249367428363
0.17707777437773348
0.1768530552619821
0.17662833632748867
0.176403617574714
0.1761788990041208
0.1759541806161734
0.17572946241133805
0.17550474439008268
0.17528002655287706
0.17505530890019275
0.17483059143250312
0.17460587415028342
0.17438115705401067
0.17415644014416376
0.1739317234212234
0.17370700688567223
0.1734822905379947
0.17325757437867711
0.17303285840820776
0.17280814262707678
0.17258342703577617
0.17235871163479996
0.17213399642464403
0.1719092814058062
0.17168456657878628
0.17145985194408603
0.17123513750220914
0.17101042325366136
0.17078570919895034
0.1705609953385858
0.17033628167307943
0.17011156820294498
0.16988685492869823
0.16966214185085696
0.16943742896994102
0.1692127162864724
0.16898800380097506
0.16876329151397512
0.16853857942600078
0.16831386753758235
0.16808915584925224
0.16786444436154505
0.16763973307499744
0.1674150219901483
0.16719031110753865
0.16696560042771175
0.16674088995121294
0.16651617967858987
0.16629146961039232
0.16606675974717236
0.16584205008948427
0.16561734063788458
0.1653926313929321
0.16516792235518787
0.1649432135252153
0.16471850490358003
0.16449379649085002
0.16426908828759562
0.16404438029438942
0.1638196725118064
0.16359496494042394
0.16337025758082177
0.163145550433582
0.16292084349928918
0.16269613677853018
0.16247143027189442
0.1622467239799737
0.16202201790336226
0.1617973120426569
0.16157260639845678
0.16134790097136364
0.1611231957619817
0.16089849077091772
0.16067378599878102
0.1604490814461834
0.1602243771137393
0.1599996730020657
0.15977496911178218
0.159550265443511
0.15932556199787698
0.15910085877550756
0.15887615577703287
0.15865145300308572
0.15842675045430163
0.15820204813131875
0.15797734603477798
0.15775264416532295
0.15752794252360006
0.15730324111025842
0.15707853992595003
0.15685383897132954
0.1566291382470545
0.15640443775378524
0.156179737492185
0.15595503746291983
0.15573033766665867
0.1555056381040733
0.1552809387758385
0.15505623968263194
0.1548315408251342
0.15460684220402887
0.15438214382000245
0.1541574456737445
0.15393274776594756
0.15370805009730723
0.15348335266852212
0.1532586554802939
0.15303395853332738
0.15280926182833043
0.15258456536601403
0.1523598691470923
0.15213517317228253
0.1519104774423052
0.15168578195788396
0.15146108671974567
0.15123639172862044
0.1510116969852416
0.1507870024903458
0.1505623082446729
0.15033761424896616
0.1501129205039721
0.14988822701044063
0.149663533769125
0.14943884078078187
0.1492141480461713
0.14898945556605678
0.14876476334120525
0.14854007137238712
0.14831537966037628
0.1480906882059502
0.14786599700988978
0.14764130607297957
0.14741661539600762
0.14719192497976563
0.1469672348250489
0.1467425449326564
0.14651785530339073
0.1462931659380582
0.1460684768374688
0.1458437880024363
0.14561909943377824
0.14539441113231585
0.14516972309887427
0.14494503533428238
0.14472034783937296
0.14449566061498265
0.14427097366195196
0.1440462869811254
0.14382160057335136
0.1435969144394822
0.1433722285803743
0.1431475429968881
0.142922857689888
0.1426981726602425
0.14247348790882428
0.14224880343651003
0.14202411924418065
0.1417994353327212
0.14157475170302097
0.1413500683559734
0.1411253852924763
0.14090070251343167
0.14067602001974586
0.14045133781232955
0.14022665589209776
0.14000197425996996
0.13977729291687002
0.13955261186372622
0.13932793110147138
0.13910325063104276
0.1388785704533822
0.1386538905694361
0.13842921098015548
0.13820453168649594
0.13797985268941773
0.13775517398988582
0.1375304955888699
0.13730581748734438
0.13708113968628846
0.13685646218668615
0.13663178498952627
0.13640710809580256
0.13618243150651363
0.13595775522266307
0.13573307924525937
0.1355084035753161
0.1352837282138518
0.1350590531618901
0.13483437842045976
0.13460970399059463
0.13438502987333378
0.13416035606972143
0.13393568258080707
0.13371100940764546
0.13348633655129669
0.1332616640128262
0.13303699179330472
0.13281231989380854
0.1325876483154193
0.13236297705922417
0.13213830612631586
0.1319136355177926
0.13168896523475826
0.13146429527832237
0.13123962564960012
0.13101495634971239
0.13079028737978587
0.13056561874095302
0.13034095043435212
0.1301162824611274
0.12989161482242897
0.12966694751941285
0.1294422805532411
0.12921761392508188
0.12899294763610933
0.1287682816875038
0.12854361608045176
0.12831895081614592
0.12809428589578525
0.127869621320575
0.12764495709172677
0.12742029321045856
0.12719562967799478
0.12697096649556636
0.12674630366441073
0.1265216411857719
0.12629697906090046
0.12607231729105373
0.1258476558774957
0.1256229948214971
0.12539833412433554
0.1251736737872954
0.12494901381166806
0.12472435419875177
0.12449969494985184
0.12427503606628063
0.12405037754935759
0.12382571940040933
0.12360106162076968
0.12337640421177976
0.12315174717478794
0.12292709051115
0.12270243422222915
0.12247777830939606
0.12225312277402896
0.12202846761751363
0.12180381284124352
0.12157915844661976
0.12135450443505125
0.12112985080795469
0.12090519756675468
0.12068054471288371
0.1204558922477823
0.12023124017289899
0.12000658848969042
0.11978193719962145
0.11955728630416511
0.11933263580480277
0.11910798570302411
0.11888333600032726
0.11865868669821882
0.11843403779821395
0.11820938930183639
0.11798474121061857
0.11776009352610167
0.11753544624983565
0.11731079938337939
0.11708615292830067
0.1168615068861763
0.11663686125859218
0.11641221604714334
0.11618757125343404
0.11596292687907782
0.1157382829256976
0.11551363939492573
0.11528899628840408
0.1150643536077841
0.11483971135472687
0.11461506953090324
0.11439042813799384
0.11416578717768922
0.11394114665168986
0.11371650656170633
0.11349186690945927
0.11326722769667955
0.11304258892510831
0.11281795059649707
0.11259331271260781
0.11236867527521298
0.1121440382860957
0.11191940174704978
0.1116947656598798
0.11147013002640123
0.11124549484844048
0.11102086012783503
0.11079622586643346
0.11057159206609563
0.11034695872869266
0.11012232585610711
0.10989769345023305
0.10967306151297614
0.10944843004625371
0.10922379905199492
0.10899916853214077
0.10877453848864427
0.10854990892347048
0.1083252798385967
0.10810065123601245
0.10787602311771967
0.10765139548573276
0.10742676834207873
0.1072021416887973
0.10697751552794095
0.10675288986157509
0.10652826469177815
0.10630364002064167
0.10607901585027048
0.10585439218278268
0.10562976902030989
0.10540514636499732
0.1051805242190038
0.10495590258450202
0.10473128146367862
0.10450666085873422
0.10428204077188367
0.10405742120535608
0.10383280216139495
0.10360818364225836
0.10338356565021904
0.10315894818756449
0.10293433125659715
0.1027097148596345
0.10248509899900919
0.10226048367706919
0.10203586889617793
0.10181125465871439
0.10158664096707333
0.1013620278236653
0.10113741523091686
0.10091280319127074
0.10068819170718595
0.1004635807811379
0.10023897041561862
0.10001436061313682
0.1
0.09977539079932739
0.09955078216692362
0.09932617410534963
0.09910156661718368
0.0988769597050215
0.09865235337147651
0.09842774761917995
0.09820314245078103
0.09797853786894711
0.09775393387636387
0.09752933047573546
0.09730472766978468
0.09708012546125316
0.09685552385290153
0.09663092284750958
0.09640632244787646
0.09618172265682083
0.09595712347718108
0.0957325249118155
0.09550792696360244
0.09528332963544053
0.0950587329302489
0.09483413685096725
0.09460954140055622
0.09438494658199743
0.0941603523982938
0.09393575885246966
0.093711165947571
0.09348657368666569
0.09326198207284364
0.09303739110921709
0.09281280079892072
0.092588211145112
0.09236362215097124
0.09213903381970198
0.09191444615453113
0.0916898591587092
0.09146527283551052
0.09124068718823354
0.09101610222020101
0.0907915179347602
0.0905669343352832
0.09034235142516715
0.09011776920783446
0.08989318768673307
0.08966860686533674
0.08944402674714527
0.08921944733568477
0.08899486863450791
0.08877029064719424
0.08854571337735043
0.08832113682861048
0.08809656100463611
0.08787198590911699
0.087647411545771
0.08742283791834457
0.08719826503061293
0.0869736928863804
0.08674912148948077
0.0865245508437775
0.08629998095316409
0.08607541182156436
0.08585084345293281
0.08562627585125489
0.08540170902054735
0.08517714296485858
0.0849525776882689
0.08472801319489094
0.08450344948886998
0.08427888657438425
0.08405432445564531
0.08382976313689845
0.08360520262242298
0.08338064291653262
0.08315608402357588
0.08293152594793643
0.08270696869403346
0.08248241226632211
0.08225785666929383
0.08203330190747675
0.08180874798543614
0.08158419490777476
0.08135964267913331
0.08113509130419086
0.0809105407876652
0.08068599113431335
0.08046144234893196
0.08023689443635776
0.08001234740146798
0.07978780124918086
0.07956325598445604
0.0793387116122951
0.07911416813774196
0.07888962556588341
0.07866508390184962
0.07844054315081453
0.07821600331799647
0.07799146440865859
0.0777669264281094
0.07754238938170328
0.07731785327484109
0.07709331811297056
0.07686878390158695
0.07664425064623358
0.07641971835250236
0.0761951870260344
0.07597065667252054
0.07574612729770201
0.07552159890737095
0.07529707150737106
0.07507254510359818
0.07484801970200095
0.07462349530858142
0.0743989719293957
0.07417444957055458
0.07394992823822424
0.0737254079386269
0.07350088867804148
0.07327637046280432
0.07305185329930985
0.07282733719401135
0.07260282215342163
0.07237830818411378
0.07215379529272192
0.07192928348594196
0.07170477277053236
0.07148026315331489
0.07125575464117549
0.07103124724106501
0.07080674096000004
0.07058223580506379
0.07035773178340685
0.07013322890224814
0.06990872716887574
0.06968422659064773
0.06945972717499319
0.06923522892941301
0.06901073186148092
0.06878623597884434
0.0685617412892254
0.06833724780042193
0.06811275552030835
0.06788826445683681
0.06766377461803812
0.06743928601202284
0.06721479864698232
0.06699031253118977
0.06676582767300136
0.06654134408085736
0.06631686176328323
0.06609238072889079
0.06586790098637936
0.06564342254453702
0.06541894541224175
0.06519446959846269
0.0649699951122614
0.0647455219627931
0.06452105015930801
0.06429657971115262
0.06407211062777107
0.06384764291870652
0.06362317659360248
0.06339871166220426
0.06317424813436044
0.06294978602002428
0.06272532532925523
0.06250086607222045
0.06227640825919633
0.06205195190057008
0.06182749700684132
0.061603043588623736
0.06137859165664669
0.06115414122175693
0.06092969229492031
0.06070524488722355
0.06048079900987598
0.060256354674211386
0.06003191189168986
0.05980747067389967
0.059583031032559165
0.059358592979518766
0.05913415652676293
0.05890972168641218
0.05868528847072517
0.058460856892100795
0.05823642696308035
0.05801199869634971
0.05778757210474153
0.05756314720123757
0.05733872399897097
0.057114302511228635
0.05688988275145363
0.056665464733247656
0.056441048470373525
0.05621663397675774
0.05599222126649307
0.055767810353841256
0.055543401253235654
0.05531899397928406
0.055094588546771496
0.0548701849706631
0.054645783266107056
0.05442138344843758
0.05419698553317802
0.05397258953604392
0.05374819547294623
0.053523803359994584
0.05329941321350057
0.05307502504998115
0.05285063888616212
0.05262625473898163
0.052401872625593794
0.05217749256337239
0.05195311456991461
0.05172873866304491
0.05150436486081893
0.05127999318152752
0.051055623643700844
0.050831256266112554
0.050606891067784085
0.05038252806798902
0.05015816728625758
0.049933808742381174
0.04970945245641712
0.04948509844869338
0.04926074673981346
0.049036397350661426
0.048812050302407005
0.048587705616510816
0.048363363314729735
0.048139023419122344
0.04791468595205456
0.047690350936205335
0.04746601839457257
0.04724168835047906
0.047017360827578694
0.04679303584986271
0.04656871344166616
0.04634439362767449
0.04612007643293031
0.04589576188284031
0.04567145000318232
0.04544714082011262
0.04522283436017335
0.04499853065030013
0.04477422971782988
0.044549931590508816
0.04432563629650067
0.04410134386439511
0.04387705432321634
0.04365276770243196
0.043428484031962054
0.043204203342188455
0.04297992566396434
0.04275565102862396
0.042531379467992785
0.0423071110143977
0.042082845700677676
0.0418585835601946
0.041634324626844424
0.04141006893506864
0.04118581651986604
0.04096156741680476
0.04073732166203473
0.040513079292300413
0.040288840344953884
0.04006460485796832
0.03984037286995181
0.03961614442016161
0.03939191954851875
0.03916769829562305
0.03894348070276863
0.0387192668119598
0.038495056665927424
0.03827085030814576
0.038046647782849795
0.03782244913505309
0.037598254410566134
0.03737406365601526
0.037149876918862124
0.03692569424742375
0.0367015156908932
0.03647734129936088
0.036253171123836435
0.03602900521627142
0.035804843629582576
0.03558068641767588
0.03535653363547134
0.03513238533892857
0.03490824158507316
0.03468410243202393
0.034459967939020994
0.0342358381664548
0.034011713175896054
0.03378759303012668
0.033563477793171745
0.033339367530332495
0.03311526230822045
0.03289116219479266
0.03266706725938819
0.03244297757276579
0.032218893207142885
0.0319948142362359
0.03177074073530205
0.031546672781182464
0.03132261045234697
0.031098553828940396
0.03087450299283051
0.030650458027657746
0.0304264190188867
0.030202386053859512
0.029978359221851207
0.029754338614127112
0.029530324324002398
0.029306316446903864
0.029082315080434084
0.02885832032443798
0.028634332281071987
0.02841035105487587
0.028186376752847388
0.02796240948451986
0.027738449362042856
0.027514496500266092
0.027290551016826713
0.027066613032240148
0.026842682669994674
0.026618760056649902
0.02639484532193937
0.026170938598877452
0.025947040023870802
0.025723149736834566
0.025499267881313615
0.02527539460460904
0.02505153005791022
0.02482767439643273
0.024603827779562406
0.024379990371005918
0.02415616233894819
0.02393234385621705
0.023708535100455504
0.02348473625430206
0.023260947505579596
0.023037169047493197
0.022813401078837513
0.022589643804214226
0.022365897434260134
0.02214216218588657
0.021918438282530782
0.021694725954420027
0.021471025438849135
0.021247336980472403
0.02102366083161068
0.02079999725257463
0.020576346512005197
0.020352708887232385
0.020129084664653515
0.019905474140132308
0.01968187761942011
0.019458295418600793
0.019234727864560937
0.01901117529548703
0.01878763806139156
0.018564116524670084
0.01834061106069138
0.0181171220584232
0.017893649921096138
0.01767019506690844
0.01744675792977487
0.0172233389601229
0.01699993862573994
0.016776557412675516
0.016553195826202717
0.016329854391843715
0.016106533656464476
0.015883234189444335
0.015659956583926708
0.015436701458157735
0.015213469456920379
0.014990261253072268
0.014767077549196398
0.014543919079374771
0.014320786611096103
0.01409768094730994
0.013874602928640855
0.013651553435777912
0.01342853339205627
0.013205543766249784
0.012982585575595564
0.012759659889073996
0.012536767830970519
0.012313910584748641
0.012091089397267388
0.011868305583380522
0.01164556053095971
0.011422855706389323
0.011200192660586947
0.010977573035610998
0.01075499857192542
0.010532471116401291
0.010309992631146743
0.010087565203270038
0.009865191055696481
0.009642872559178377
0.009420612245659191
0.009198412823178924
0.008976277192538608
0.008754208465978457
0.008532209988168213
0.008310285359861056
0.008088438464626197
0.00786667349915261
0.007644995007710589
0.007423407921473116
0.007201917603540967
0.006980529900691152
0.006759251203086844
0.006538088513460683
0.00631704952762827
0.006096142728626375
0.005875377497329681
0.005654764243120321
0.005434314559119739
0.00521404140771744
0.004993959343750609
0.00477408478485075
0.004554436341391336
0.004335035222453624
0.004115905739732997
0.0038970759390199415
0.003678578399851157
0.0034604512597560724
0.003242739542785464
0.0030254969068496326
0.0028087879776892474
0.0025926915207554573
0.002377304836403184
0.0021627499857699898
0.0019491828343914958
0.001736806574942671
0.001525892641032366
0.0013168143621040559
0.0011101037500096294
0.0009065529773797238
0.0007074090014445137
0.0005147813336512208
0.00033259709893989443
0.00016916136986907537
4.477182447690667e-05
4.477182447690667e-06
4.477182447690667e-07
4.4771824476906676e-08
