1.0
0.9991009570795246
0.9982019145228236
0.9973028723305517
0.9964038305033657
0.9955047890419241
0.9946057479468872
0.9937067072189169
0.9928076668586772
0.9919086268668337
0.9910095872440537
0.9901105479910068
0.9892115091083639
0.9883124705967978
0.9874134324569835
0.9865143946895975
0.985615357295318
0.9847163202748257
0.9838172836288026
0.9829182473579328
0.9820192114629019
0.9811201759443982
0.980221140803111
0.9793221060397319
0.9784230716549546
0.9775240376494744
0.9766250040239886
0.9757259707791962
0.9748269379157987
0.973927905434499
0.9730288733360023
0.9721298416210156
0.9712308102902477
0.9703317793444096
0.9694327487842143
0.9685337186103765
0.9676346888236133
0.9667356594246433
0.9658366304141878
0.9649376017929693
0.9640385735617127
0.9631395457211452
0.9622405182719956
0.961341491214995
0.9604424645508763
0.9595434382803748
0.9586444124042275
0.9577453869231738
0.956846361837955
0.9559473371493146
0.955048312857998
0.9541492889647528
0.9532502654703288
0.9523512423754779
0.9514522196809538
0.950553197387513
0.95
0.9491009783560443
0.9482019571151595
0.9473029362781095
0.9464039158456602
0.94550489581858
0.9446058761976391
0.9437068569836105
0.9428078381772688
0.9419088197793911
0.9410098017907569
0.9401107842121477
0.939211767044347
0.9383127502881409
0.9374137339443178
0.9365147180136684
0.9356157024969851
0.9347166873950633
0.9338176727087003
0.9329186584386957
0.9320196445858516
0.9311206311509724
0.9302216181348646
0.9293226055383372
0.9284235933622017
0.9275245816072716
0.9266255702743631
0.9257265593642945
0.9248275488778867
0.9239285388159628
0.9230295291793486
0.9221305199688719
0.9212315111853632
0.9203325028296554
0.9194334949025837
0.918534487404986
0.9176354803377025
0.9167364737015757
0.915837467497451
0.9149384617261759
0.9140394563886004
0.9131404514855774
0.912241447017962
0.9113424429866117
0.9104434393923869
0.9095444362361503
0.9086454335187674
0.9077464312411058
0.9068474294040361
0.9059484280084313
0.9050494270551672
0.9041504265451219
0.9032514264791764
0.9023524268582142
0.9014534276831213
0.9005544289547867
0.9
0.8991010019958344
0.8982020044407654
0.8973030073356913
0.8964040106815135
0.8955050144791357
0.8946060187294644
0.8937070234334091
0.8928080285918819
0.8919090342057975
0.8910100402760734
0.8901110468036303
0.8892120537893909
0.8883130612342814
0.8874140691392306
0.8865150775051699
0.8856160863330338
0.8847170956237596
0.8838181053782872
0.8829191155975598
0.882020126282523
0.8811211374341258
0.8802221490533196
0.8793231611410591
0.8784241736983018
0.8775251867260081
0.8766262002251413
0.8757272141966677
0.8748282286415566
0.8739292435607804
0.8730302589553143
0.8721312748261366
0.8712322911742286
0.8703333080005747
0.8694343253061624
0.8685353430919819
0.8676363613590269
0.8667373801082939
0.8658383993407829
0.8649394190574965
0.8640404392594406
0.8631414599476245
0.8622424811230602
0.8613435027867633
0.8604445249397523
0.859545547583049
0.8586465707176784
0.8577475943446686
0.8568486184650511
0.8559496430798605
0.8550506681901349
0.8541516937969151
0.8532527199012461
0.8523537465041753
0.8514547736067539
0.8505558012100364
0.85
0.8491010284157954
0.8482020573350711
0.8473030867588939
0.8464041166883337
0.8455051471244638
0.8446061780683611
0.8437072095211058
0.8428082414837814
0.8419092739574753
0.8410103069432779
0.8401113404422835
0.8392123744555897
0.8383134089842975
0.8374144440295118
0.8365154795923407
0.835616515673896
0.8347175522752933
0.8338185893976514
0.832919627042093
0.8320206652097444
0.8311217039017353
0.8302227431191995
0.8293237828632741
0.8284248231351001
0.8275258639358222
0.8266269052665886
0.8257279471285515
0.8248289895228668
0.8239300324506941
0.8230310759131969
0.8221321199115426
0.821233164446902
0.8203342095204501
0.8194352551333658
0.8185363012868316
0.8176373479820342
0.8167383952201641
0.8158394430024156
0.814940491329987
0.8140415402040807
0.8131425896259028
0.8122436395966637
0.8113446901175777
0.8104457411898631
0.8095467928147423
0.8086478449934417
0.8077488977271918
0.8068499510172273
0.805951004864787
0.8050520592711137
0.8041531142374546
0.8032541697650609
0.8023552258551879
0.8014562825090954
0.8005573397280472
0.8
0.7991010581370139
0.7982021168424037
0.7973031761174488
0.7964042359634329
0.7955052963816441
0.7946063573733747
0.7937074189399216
0.7928084810825858
0.7919095438026732
0.7910106071014937
0.7901116709803618
0.7892127354405966
0.7883138004835214
0.7874148661104645
0.7865159323227584
0.7856169991217401
0.7847180665087514
0.7838191344851387
0.7829202030522528
0.7820212722114496
0.7811223419640891
0.7802234123115364
0.7793244832551611
0.7784255547963378
0.7775266269364455
0.7766276996768682
0.7757287730189947
0.7748298469642186
0.7739309215139384
0.7730319966695571
0.7721330724324832
0.7712341488041298
0.7703352257859147
0.7694363033792612
0.768537381585597
0.7676384604063553
0.766739539842974
0.7658406198968963
0.7649417005695702
0.7640427818624491
0.7631438637769913
0.7622449463146602
0.7613460294769246
0.7604471132652586
0.7595481976811411
0.7586492827260566
0.7577503684014946
0.75685145470895
0.7559525416499231
0.7550536292259196
0.7541547174384504
0.753255806289032
0.7523568957791861
0.7514579859104399
0.7505590766843261
0.75
0.7491010918194775
0.7482021842856323
0.7473032774000175
0.746404371164191
0.7455054655797171
0.7446065606481654
0.7437076563711114
0.7428087527501358
0.7419098497868256
0.7410109474827734
0.7401120458395773
0.7392131448588416
0.7383142445421762
0.7374153448911971
0.736516445907526
0.7356175475927905
0.7347186499486245
0.7338197529766673
0.732920856678565
0.7320219610559691
0.7311230661105375
0.730224171843934
0.7293252782578287
0.7284263853538978
0.7275274931338237
0.7266286015992952
0.7257297107520071
0.7248308205936606
0.7239319311259632
0.7230330423506289
0.722134154269378
0.721235266883937
0.7203363801960392
0.7194374942074241
0.7185386089198379
0.7176397243350332
0.7167408404547694
0.7158419572808122
0.7149430748149344
0.714044193058915
0.7131453120145399
0.7122464316836018
0.7113475520679002
0.7104486731692413
0.7095497949894383
0.708650917530311
0.7077520407936864
0.7068531647813983
0.7059542894952876
0.7050554149372023
0.7041565411089972
0.7032576680125344
0.7023587956496831
0.7014599240223195
0.7005610531323272
0.7
0.699101130311661
0.6982022613656707
0.6973033931639389
0.696404525708383
0.6955056590009278
0.6946067930435056
0.693707927838056
0.6928090633865264
0.6919101996908713
0.6910113367530535
0.6901124745750429
0.6892136131588172
0.6883147525063622
0.687415892619671
0.6865170335007444
0.6856181751515918
0.6847193175742299
0.6838204607706833
0.6829216047429849
0.6820227494931754
0.6811238950233037
0.6802250413354267
0.6793261884316094
0.6784273363139252
0.6775284849844554
0.6766296344452899
0.6757307846985268
0.6748319357462724
0.6739330875906417
0.6730342402337581
0.6721353936777533
0.6712365479247677
0.6703377029769503
0.6694388588364585
0.6685400155054587
0.6676411729861259
0.6667423312806439
0.6658434903912052
0.6649446503200113
0.6640458110692725
0.6631469726412084
0.6622481350380471
0.6613492982620263
0.6604504623153923
0.659551627200401
0.6586527929193171
0.657753959474415
0.656855126867978
0.655956295102299
0.6550574641796804
0.6541586341024338
0.6532598048728806
0.6523609764933516
0.6514621489661871
0.6505633222937376
0.65
0.6491011747229879
0.6482023503069101
0.6473035267541525
0.6464047040671106
0.64550588224819
0.6446070612998065
0.6437082412243856
0.6428094220243634
0.6419106037021858
0.6410117862603092
0.6401129697012002
0.6392141540273361
0.6383153392412041
0.6374165253453024
0.6365177123421394
0.6356189002342343
0.634720089024117
0.633821278714328
0.6329224693074187
0.6320236608059513
0.6311248532124989
0.6302260465296458
0.629327240759987
0.628428435906129
0.6275296319706889
0.6266308289562956
0.625732026865589
0.6248332257012206
0.6239344254658531
0.6230356261621607
0.6221368277928293
0.6212380303605564
0.620339233868051
0.6194404383180342
0.6185416437132386
0.617642850056409
0.6167440573503018
0.6158452655976859
0.6149464748013419
0.6140476849640629
0.613148896088654
0.6122501081779327
0.6113513212347289
0.610452535261885
0.609553750262256
0.6086549662387094
0.6077561831941254
0.606857401131397
0.6059586200534299
0.605059839963143
0.6041610608634681
0.6032622827573499
0.6023635056477464
0.6014647295376288
0.6005659544299814
0.6
0.5991012265325043
0.5982024540753913
0.5973036826316944
0.5964049122044609
0.5955061427967516
0.5946073744116412
0.5937086070522184
0.5928098407215858
0.5919110754228603
0.5910123111591726
0.5901135479336682
0.5892147857495066
0.5883160246098617
0.587417264517922
0.5865185054768908
0.5856197474899859
0.58472099056044
0.5838222346915007
0.5829234798864306
0.5820247261485071
0.581125973481023
0.5802272218872865
0.5793284713706209
0.5784297219343651
0.5775309735818734
0.5766322263165159
0.5757334801416782
0.5748347350607622
0.5739359910771852
0.5730372481943808
0.5721385064157989
0.5712397657449052
0.5703410261851821
0.5694422877401284
0.5685435504132593
0.5676448142081068
0.5667460791282195
0.565847345177163
0.5649486123585197
0.5640498806758893
0.5631511501328887
0.5622524207331518
0.5613536924803302
0.5604549653780928
0.5595562394301262
0.5586575146401349
0.5577587910118411
0.556860068548985
0.5559613472553248
0.5550626271346369
0.5541639081907164
0.5532651904273764
0.5523664738484487
0.5514677584577838
0.5505690442592511
0.5496703312567387
0.5487716194541539
0.5478729088554231
0.546974199464492
0.546075491285326
0.5451767843219095
0.5442780785782472
0.5433793740583631
0.5424806707663014
0.5415819687061263
0.5406832678819223
0.5397845682977942
0.5388858699578672
0.5379871728662873
0.5370884770272208
0.5361897824448555
0.5352910891233998
0.5343923970670835
0.5334937062801576
0.5325950167668945
0.5316963285315883
0.5307976415785549
0.529898955912132
0.5290002715366793
0.5281015884565786
0.5272029066762345
0.5263042262000736
0.5254055470325454
0.5245068691781221
0.5236081926412988
0.522709517426594
0.5218108435385491
0.5209121709817294
0.5200134997607232
0.519114829880143
0.5182161613446251
0.5173174941588299
0.5164188283274419
0.5155201638551704
0.514621500746749
0.5137228390069359
0.5128241786405148
0.5119255196522939
0.5110268620471071
0.5101282058298137
0.5092295510052984
0.508330897578472
0.5074322455542714
0.5065335949376591
0.5056349457336249
0.5047362979471842
0.50383765158338
0.5029390066472815
0.5020403631439857
0.5011417210786165
0.5002430804563255
0.5
0.4991013612186111
0.49820272389210024
0.4973040880257104
0.4964054536247129
0.4955068206944077
0.4946081892401236
0.4937095592672184
0.4928109307810789
0.49191230378712164
0.4910136782907926
0.49011505429756774
0.489216431812953
0.4883178108424846
0.48741919139172946
0.4865205734662851
0.48562195707177996
0.48472334221387386
0.4838247288982579
0.4829261171306549
0.48202750691681967
0.48112889826253896
0.4802302911736321
0.4793316856559509
0.4784330817153801
0.47753447935783766
0.47663587858927464
0.47573727941567595
0.4748386818430602
0.47394008587748027
0.4730414915250233
0.4721428987918111
0.4712443076840004
0.47034571820778315
0.4694471303693866
0.46854854417507386
0.467649959631144
0.46675137674393213
0.46585279551981024
0.46495421596518693
0.4640556380865079
0.4631570618902563
0.46225848738295294
0.46135991457115666
0.46046134346146445
0.4595627740605119
0.4586642063749735
0.457765640411563
0.4568670761770334
0.45596851367817776
0.45506995292182895
0.4541713939148605
0.45327283666418655
0.4523742811767623
0.4514757274595844
0.4505771755196911
0.4496786253641629
0.4487800770001225
0.44788153043473533
0.44698298567520994
0.44608444272879827
0.445185901602796
0.4442873623045429
0.44338882484142333
0.44249028922086636
0.4415917554503463
0.4406932235373829
0.4397946934895419
0.43889616531443554
0.43799763901972244
0.4370991146131084
0.43620059210234674
0.43530207149523853
0.43440355279963305
0.4335050360234283
0.4326065211745713
0.4317080082610585
0.4308094972909361
0.4299109882723007
0.4290124812132995
0.42811397612213087
0.42721547300704477
0.42631697187634293
0.4254184727383797
0.42451997560156207
0.42362148047435055
0.4227229873652593
0.4218244962828567
0.4209260072357657
0.42002752023266443
0.41912903528228673
0.4182305523934224
0.4173320715749178
0.41643359283567644
0.4155351161846592
0.4146366416308852
0.4137381691834319
0.4128396988514359
0.4119412306440933
0.41104276457066036
0.4101443006404539
0.40924583886285176
0.40834737924729364
0.4074489218032813
0.40655046654037935
0.4056520134682156
0.4047535625964818
0.4038551139349342
0.4029566674933938
0.40205822328174745
0.40115978130994806
0.4002613415880153
0.4
0.39910156319730955
0.3982031286676945
0.39730469642139854
0.3964062664687347
0.395507838820086
0.39460941348590606
0.3937109904767198
0.3928125698031241
0.39191415147578845
0.3910157355054555
0.39011732190294185
0.3892189106791387
0.38832050184501266
0.3874220954116061
0.38652369139003834
0.38562528979150584
0.3847268906272833
0.3838284939087243
0.382930099647262
0.38203170785440976
0.38113331854176213
0.3802349317209956
0.379336547403869
0.3784381656022249
0.37753978632798973
0.3766414095931752
0.37574303540987863
0.374844663790284
0.37394629474666274
0.37304792829137456
0.37214956443686836
0.3712512031956829
0.370352844580448
0.36945448860388497
0.36855613527880793
0.36765778461812454
0.3667594366348368
0.3658610913420421
0.36496274875293416
0.36406440888080405
0.3631660717390408
0.3622677373411328
0.3613694057006686
0.36047107683133783
0.3595727507469323
0.358674427461347
0.3577761069885811
0.35687778934273906
0.35597947453803164
0.355081162588777
0.3541828535094017
0.3532845473144419
0.35238624401854446
0.35148794363646796
0.350589646183084
0.3496913516733783
0.3487930601224517
0.3478947715455216
0.3469964859579231
0.34609820337511
0.34519992381265635
0.34430164728625745
0.34340337381173125
0.34250510340501955
0.3416068360821894
0.3407085718594343
0.3398103107530756
0.33891205277956377
0.3380137979554799
0.337115546297537
0.33621729782258125
0.3353190525475938
0.3344208104896919
0.3335225716661305
0.33262433609430353
0.3317261037917457
0.33082787477613385
0.32992964906528843
0.32903142667717533
0.328133207629907
0.32723499194174455
0.326336779631099
0.32543857071653326
0.32454036521676344
0.3236421631506608
0.3227439645372534
0.32184576939572784
0.32094757774543103
0.3200493896058719
0.31915120499672345
0.3182530239378242
0.3173548464491804
0.3164566725509678
0.31555850226353366
0.3146603356073985
0.3137621726032581
0.3128640132719859
0.31196585763463436
0.3110677057124376
0.31016955752681313
0.30927141309936435
0.30837327245188223
0.3074751356063478
0.3065770025849343
0.30567887341000943
0.3047807481041376
0.30388262669008215
0.30298450919080805
0.3020863956294838
0.3011882860294842
0.3002901804143927
0.3
0.2991018996939592
0.2982038034284324
0.2973057112277145
0.29640762311631996
0.2955095391189856
0.2946114592606732
0.29371338356657245
0.29281531206210343
0.29191724477291964
0.29101918172491076
0.29012112294420567
0.28922306845717527
0.28832501829043555
0.28742697247085064
0.28652893102553584
0.28563089398186087
0.28473286136745296
0.28383483321020014
0.28293680953825456
0.2820387903800357
0.28114077576423396
0.2802427657198139
0.2793447602760179
0.2784467594623698
0.2775487633086782
0.2766507718450405
0.2757527851018463
0.2748548031097815
0.27395682589983195
0.2730588535032875
0.27216088595174603
0.2712629232771172
0.2703649655116269
0.26946701268782136
0.26856906483857124
0.2676711219970761
0.2667731841968689
0.2658752514718203
0.26497732385614314
0.2640794013843974
0.2631814840914945
0.2622835720127024
0.26138566518365036
0.26048776364033377
0.2595898674191194
0.25869197655675025
0.2577940910903511
0.25689621105743365
0.25599833649590165
0.2551004674440569
0.25420260394060434
0.25330474602465813
0.2524068937357472
0.25150904711382116
0.2506112061992563
0.24971337103286176
0.24881554165588565
0.24791771811002145
0.24701990043741429
0.24612208868066765
0.24522428288285
0.24432648308750152
0.243428689338641
0.24253090168077304
0.24163312015889504
0.24073534481850453
0.2398375757056067
0.2389398128667219
0.23804205634889336
0.23714430619969512
0.23624656246723996
0.23534882520018757
0.23445109444775292
0.23355337025971465
0.23265565268642385
0.23175794177881273
0.23086023758840363
0.22996254016731818
0.22906484956828665
0.22816716584465743
0.22726948905040673
0.22637181924014843
0.22547415646914423
0.22457650079331387
0.22367885226924566
0.2227812109542071
0.22188357690615593
0.22098595018375108
0.2200883308463642
0.21919071895409106
0.21829311456776354
0.2173955177489616
0.21649792856002562
0.21560034706406894
0.21470277332499071
0.21380520740748898
0.21290764937707407
0.2120100993000822
0.21111255724368938
0.2102150232759258
0.20931749746569017
0.20841997988276467
0.2075224705978301
0.20662496968248134
0.20572747720924317
0.20482999325158646
0.2039325178839447
0.20303505118173085
0.20213759322135458
0.20124014408023994
0.20034270383684336
0.2
0.19910257218317007
0.19820515345519854
0.19730774389817227
0.1964103435952943
0.19551295263090432
0.1946155710904993
0.19371819906075483
0.19282083662954694
0.19192348388597422
0.19102614092038067
0.19012880782437902
0.1892314846908745
0.18833417161408936
0.1874368686895878
0.1865395760143016
0.18564229368655621
0.18474502180609778
0.18384776047412044
0.18295050979329458
0.1820532698677957
0.18115604080333375
0.18025882270718374
0.17936161568821643
0.17846441985693032
0.17756723532548419
0.17667006220773046
0.17577290061924952
0.1748757506773848
0.17397861250127886
0.17308148621191013
0.1721843719321311
0.17128726978670694
0.17039017990235553
0.16949310240778837
0.1685960374337526
0.16769898511307404
0.16680194558070158
0.16590491897375256
0.16500790543155947
0.16411090509571785
0.16321391811013566
0.16231694462108373
0.16141998477724778
0.16052303872978185
0.15962610663236323
0.15872918864124885
0.15783228491533327
0.15693539561620842
0.15603852090822493
0.15514166095855517
0.15424481593725828
0.15334798601734687
0.15245117137485584
0.15155437218891307
0.15065758864181233
0.14976082091908816
0.14886406920959316
0.14796733370557758
0.14707061460277107
0.14617391210046726
0.14527722640161073
0.14438055771288652
0.14348390624481272
0.14258727221183565
0.1416906558324282
0.14079405732919117
0.1398974769289578
0.13900091486290167
0.13810437136664813
0.13720784668038916
0.13631134104900208
0.1354148547221721
0.13451838795451895
0.13362194100572758
0.13272551414068334
0.13182910762961164
0.1309327217482224
0.1300363567778592
0.12914001300565384
0.12824369072468597
0.12734739023414843
0.12645111183951827
0.12555485585273377
0.12465862259237791
0.12376241238386816
0.12286622555965326
0.12197006245941702
0.12107392343028964
0.12017780882706672
0.11928171901243644
0.11838565435721514
0.11748961524059186
0.116593602050382
0.11569761518329075
0.11480165504518663
0.11390572205138562
0.1130098166269463
0.11211393920697675
0.11121809023695352
0.11032227017305331
0.10942647948249812
0.10853071864391435
0.10763498814770658
0.10673928849644686
0.10584362020528008
0.10494798380234652
0.10405237982922207
0.10315680884137744
0.10226127140865703
0.10136576811577853
0.10047029956285462
0.1
0.0991045856248861
0.09820920757738144
0.09731386651637931
0.09641856311883495
0.09552329808043111
0.09462807211627432
0.09373288596162398
0.09283774037265582
0.09194263612726195
0.09104757402588926
0.0901525548924189
0.08925757957508886
0.08836264894746236
0.08746776390944487
0.08657292538835255
0.08567813434003542
0.08478339175005858
0.08388869863494514
0.08299405604348466
0.08209946505811155
0.08120492679635764
0.08031044241238394
0.07941601309859679
0.07852164008735411
0.07762732465276764
0.07673306811260791
0.07583887183031893
0.0749447372171504
0.07405066573441557
0.07315665889588381
0.07226271827031772
0.07136884548416528
0.07047504222441854
0.06958131024165141
0.06868765135325015
0.06779406744685133
0.06690056048400356
0.06600713250407057
0.06511378562839507
0.0642205220647444
0.06332734411206134
0.0624342541655453
0.06154125472209209
0.06064834838612274
0.05975553787583546
0.05886282602991788
0.05797021581476099
0.05707771033222019
0.056185312827974114
0.05529302670053716
0.05440085551098801
0.05350880299348337
0.052616873066634186
0.051725069845830335
0.050833397656610435
0.049941861049184536
0.04905046481423101
0.04815921400010398
0.04726811393160482
0.04637717023049136
0.04548638883792093
0.044595776039050086
0.04370533849004395
0.04281508324778366
0.04192501780260122
0.04103515011441915
0.0401454886527278
0.039256042440899266
0.03836682110541348
0.0374778349306635
0.036589094920114654
0.03570061286472047
0.03481240141965142
0.03392447419057578
0.03303684583095258
0.0321495321520631
0.03126255024783099
0.030375918636875686
0.029489657424727395
0.028603788489728076
0.027718335696881154
0.02683332514483309
0.02594878545232399
0.025064748091900964
0.02418124778053928
0.023298322939186128
0.02241601623629966
0.021534375234433797
0.02065345316414009
0.019773309856374967
0.01889401287385816
0.018015638894353214
0.01713827541598623
0.016262022878487294
0.015386997327641901
0.014513333797886356
0.013641190657055977
0.012770755259228899
0.01190225140499833
0.011035949344359992
0.01017217942884343
0.009311351120352203
0.00845398006573713
0.007600727673443398
0.006752460725413698
0.005910344363127725
0.0050759932500635836
0.004251729768437763
0.0034410523708833193
0.0026495506815427073
0.00188686823552975
0.0011714361942918384
0.0005435762115666462
0.00010390584031733738
1.0390584031733738e-05
1.0390584031733738e-06
1.0390584031733738e-07
1.0390584031733739e-08
