9.185357570441122e-05
9.209982031613342e-05
9.220782968129791e-05
9.23996300058401e-05
9.251931173548496e-05
9.248068650070201e-05
9.24743367440014e-05
9.258156683228896e-05
9.279104587176323e-05
9.260942845594105e-05
9.246308627105466e-05
9.233145984656787e-05
9.236913831054906e-05
9.220256787907204e-05
9.237475582790514e-05
9.263822467062716e-05
9.271609101097287e-05
9.293886918966668e-05
9.305178907897776e-05
9.293196956056333e-05
9.286247870426249e-05
9.275447914757696e-05
9.27657833526626e-05
9.284412628876099e-05
9.283714198679151e-05
9.289756463565662e-05
9.302981610254299e-05
9.309460007372552e-05
9.326805524221918e-05
9.320184555004783e-05
9.31387604793746e-05
9.288451196298526e-05
9.275095165071956e-05
9.306088162454884e-05
9.29587928901202e-05
9.290912781123864e-05
9.280363653592885e-05
9.280246651057191e-05
9.25360117463334e-05
9.240338216610088e-05
9.246715439326699e-05
9.277399017821414e-05
9.266971335164044e-05
9.257001635526235e-05
9.264256177014452e-05
9.264399665885838e-05
9.259901811870022e-05
9.266585092898882e-05
9.263382425685594e-05
9.2503725650686e-05
9.275688956130933e-05
9.29721791420145e-05
9.325657460719046e-05
9.344156463436584e-05
9.356463869553681e-05
9.352804601354954e-05
9.348837604952358e-05
9.346101852089964e-05
9.349160012344241e-05
9.389662214595896e-05
9.401912818964021e-05
9.40675407146244e-05
9.413730176531901e-05
9.374024622384126e-05
9.378485557978197e-05
9.388956329989338e-05
9.416260408040817e-05
9.412753466203302e-05
9.44803345858453e-05
9.459129155948955e-05
9.449859774366547e-05
9.447524222599582e-05
9.435739506177234e-05
9.433735068224083e-05
9.397116107227235e-05
9.391269594093692e-05
9.40308908965229e-05
9.43217780347487e-05
9.405435194426452e-05
9.407230653810065e-05
9.400651335062436e-05
9.407504191601619e-05
9.392076856844117e-05
9.398127406790091e-05
9.38335645098164e-05
9.411169508588221e-05
9.391405984487516e-05
9.369386032993998e-05
9.357425347193934e-05
9.367445997236298e-05
9.354365589309007e-05
9.381856722126477e-05
9.377104211864212e-05
9.379795853715276e-05
9.373671763991236e-05
9.344704661460005e-05
9.315042113395708e-05
9.315991318334567e-05
9.306271200362708e-05
9.315708066505728e-05
9.294762891105826e-05
9.332362708548953e-05
9.323589367020352e-05
9.366810863638408e-05
9.382233511742204e-05
9.389306151658588e-05
9.410753356559508e-05
9.414098649887624e-05
9.379958888338207e-05
9.355273101326704e-05
9.361291694048914e-05
9.383166173295687e-05
9.37234794317294e-05
9.350293396215216e-05
9.339693992616767e-05
9.35303322716643e-05
9.308357915211608e-05
9.322350666070879e-05
9.35091093864746e-05
9.352282819857387e-05
9.353611115038618e-05
9.337341732694582e-05
9.332350531274254e-05
9.331999929422515e-05
9.340969720728728e-05
9.324739717954214e-05
9.34837287752837e-05
9.340548930984505e-05
9.318196382331332e-05
9.317685703821658e-05
9.313797168083e-05
9.321607644308303e-05
9.333152188870233e-05
9.375857980581502e-05
9.382824755357086e-05
9.364656817856963e-05
9.354859710507713e-05
9.330257798274888e-05
9.330632247924763e-05
9.31251432938642e-05
9.28969236171843e-05
9.310609485486188e-05
9.297323931080931e-05
9.284308510824159e-05
9.273264245112278e-05
9.271646834648641e-05
9.284147841857066e-05
9.325989528504474e-05
9.30219851859612e-05
9.334465015636675e-05
9.302555205055247e-05
9.328280917814317e-05
9.33379529527719e-05
9.33324761597008e-05
9.311746805872299e-05
9.254534828257909e-05
9.24829321581311e-05
9.229152016749961e-05
9.224929923198192e-05
9.198729809137102e-05
9.193253650131408e-05
9.204474404520507e-05
9.2236350374187e-05
9.23292416115596e-05
9.221934646294805e-05
9.198678309354854e-05
9.224207861350324e-05
9.2174214285114e-05
9.216740984203486e-05
9.212152924856462e-05
9.220557645577433e-05
9.215120659498693e-05
9.228368529300249e-05
9.232730767308227e-05
9.225355322220985e-05
9.214424536974732e-05
9.216238654355936e-05
9.21373768302762e-05
9.217716755990244e-05
9.239416165597029e-05
9.235122180513835e-05
9.200490245330152e-05
9.228363455524633e-05
9.219103268834442e-05
9.208700022306838e-05
9.200527914885044e-05
9.199695551796388e-05
9.182667828196212e-05
9.135681220414146e-05
9.123370707545182e-05
9.158223540161341e-05
9.1668281617877e-05
9.186598743303554e-05
9.20350966474466e-05
9.18001281285589e-05
9.19953703635907e-05
9.238807730942677e-05
9.241546099682824e-05
9.249438920888283e-05
9.282103295008579e-05
9.296191689953452e-05
9.266899448670992e-05
9.246214551902855e-05
9.244552067747602e-05
9.248338973618854e-05
9.242125387864304e-05
9.249378899561347e-05
9.262560202303022e-05
9.251823986281533e-05
9.265517118308102e-05
9.274594046565629e-05
9.276132311235801e-05
9.258992512469529e-05
9.256934782687188e-05
9.247081789468782e-05
9.25276628963343e-05
9.245765857223594e-05
9.284048209670205e-05
9.32116092928046e-05
9.337291055570759e-05
9.329455575989625e-05
9.322615525226102e-05
9.334055489582139e-05
9.327761370757628e-05
9.317410064775457e-05
9.331493001533775e-05
9.294001327334548e-05
9.299155343309866e-05
9.282377517080256e-05
9.289293134042116e-05
9.324374217456303e-05
9.268692313232929e-05
9.296557931616075e-05
9.285012825685646e-05
9.326977477058523e-05
9.377801544101173e-05
9.405948426383495e-05
9.414165219157834e-05
9.384950990805612e-05
9.386403994989655e-05
9.433020333543843e-05
9.418960296482102e-05
9.428307385643649e-05
9.425398698034567e-05
9.380071836628989e-05
9.37441128723277e-05
9.353814843052872e-05
9.365412534877336e-05
9.394053657767193e-05
9.379905110342435e-05
9.388855459632807e-05
9.395559801062376e-05
9.412994727534026e-05
9.419098499128186e-05
9.469445514920202e-05
9.45962527137941e-05
9.431375325321042e-05
9.424100218931819e-05
9.454630412199209e-05
9.427649258537936e-05
9.408436599172212e-05
9.398453157771034e-05
9.387589150108158e-05
9.377374982982006e-05
9.358795527170284e-05
9.376658624815505e-05
9.414437541402102e-05
9.390492378216785e-05
9.41885784635379e-05
9.38766388278495e-05
9.387202027714926e-05
9.365968470950642e-05
9.340585724789003e-05
9.355178549774804e-05
9.316905969355555e-05
9.379865747272085e-05
9.38405210186574e-05
9.393844804004827e-05
9.450122155221007e-05
9.45406293604887e-05
9.460568500848542e-05
9.464380687328368e-05
9.417470735290595e-05
9.3781939822532e-05
9.327903825451662e-05
9.390273914774953e-05
9.350337927201432e-05
9.332817046416351e-05
9.280769264783715e-05
9.303784251955501e-05
9.295609698852413e-05
9.28072625006137e-05
9.271163785553812e-05
9.216768973241935e-05
9.197279073842058e-05
9.198250465768211e-05
9.159712081937372e-05
9.194547331396312e-05
9.162078871461548e-05
9.211563558559118e-05
9.181586280128821e-05
9.219881280739784e-05
9.20608624603154e-05
9.190605972892551e-05
9.186177672005209e-05
9.182554046709258e-05
9.219333019498602e-05
9.204356311883673e-05
9.231556866937954e-05
9.298013221611133e-05
9.315034977736053e-05
9.251084493871419e-05
9.242848429105682e-05
9.283522082890287e-05
9.316077542981207e-05
9.340708850845341e-05
9.326602159253559e-05
9.296364701588051e-05
9.263210002079582e-05
9.2517546315359e-05
9.253395354068747e-05
9.274443769163245e-05
9.256207298352816e-05
9.196519781100857e-05
9.196320932451524e-05
9.236515710713772e-05
9.261042848550602e-05
9.247695545545167e-05
9.319722943236403e-05
9.282341796974932e-05
9.263156985644122e-05
9.334262356134583e-05
9.32280509082207e-05
9.2831085276649e-05
9.305287240478204e-05
9.239593741643911e-05
9.215952374672233e-05
9.220781125318871e-05
9.225133350172052e-05
9.230670302635994e-05
9.313634402138245e-05
9.239714570609223e-05
9.263353924544834e-05
9.200788390909007e-05
9.172278714624136e-05
9.127880209409851e-05
9.081711604360762e-05
9.063220914829471e-05
9.144399856284423e-05
9.093679897647702e-05
9.081898732101552e-05
9.085072866708213e-05
9.038573706610689e-05
9.09961690829354e-05
9.109508364809794e-05
9.125051552659247e-05
9.151870040103987e-05
9.123353055072405e-05
9.12311907678121e-05
9.184047758785651e-05
9.21758762135088e-05
9.242410387652051e-05
9.290692613520875e-05
9.32280826491147e-05
9.258960185417806e-05
9.212373707709117e-05
9.194297216362934e-05
9.185217552096002e-05
9.21921285273799e-05
9.156732227322753e-05
9.184002322193248e-05
9.06579004484439e-05
9.094644010801315e-05
9.082744265331026e-05
9.009526800176974e-05
9.082018673187496e-05
9.061731129638533e-05
9.082677250075866e-05
9.077915145849979e-05
9.02832076839756e-05
8.99415677497882e-05
8.960219392600718e-05
8.946014357812367e-05
8.94770957394355e-05
8.932165052923011e-05
8.84336852233555e-05
8.834583314706647e-05
8.80928785958697e-05
8.82586013380981e-05
8.813885863091167e-05
8.8509209428974e-05
8.97335930741518e-05
9.010376168495164e-05
8.947646497906875e-05
8.952223879009325e-05
8.871896018584112e-05
8.902939400467932e-05
8.957315523188157e-05
9.039620269685345e-05
9.120481437738121e-05
9.090866019432521e-05
9.050512841850069e-05
8.973821114611708e-05
8.877659304650919e-05
8.859760726932991e-05
8.802625482337289e-05
8.794507350319417e-05
8.768747424161358e-05
8.753661660938288e-05
8.674938419437325e-05
8.61686007194732e-05
8.594173545125968e-05
8.576828433695685e-05
8.547180639207358e-05
8.52801382993028e-05
8.701436931443266e-05
8.736534147109846e-05
8.628775690636388e-05
8.572062630144e-05
8.523152192093798e-05
8.457363708379832e-05
8.383968367081607e-05
8.326938176875186e-05
8.31139027421625e-05
8.156994248116466e-05
8.134413332422158e-05
8.147523894619027e-05
8.132580352573592e-05
8.068488209875506e-05
8.080524909171397e-05
8.055315203338806e-05
8.135889260223213e-05
8.063497241277526e-05
8.080333907520227e-05
7.957115874049717e-05
7.979924148326169e-05
7.850359537602277e-05
7.728404369810278e-05
7.725045647492457e-05
7.64436882123255e-05
7.614903905320589e-05
7.593292833985067e-05
7.712328801517131e-05
7.702499769509212e-05
7.69091951414629e-05
7.67840901910598e-05
7.715933518326051e-05
7.67133927540178e-05
7.660052280793474e-05
7.759988811560413e-05
7.653659547755373e-05
7.573066263914437e-05
7.544479783198923e-05
7.533031134957459e-05
7.462370361437733e-05
7.451932353822754e-05
7.459129900359619e-05
7.408683523926775e-05
7.48600951982223e-05
7.385446062543455e-05
7.344585913056949e-05
7.302893308124343e-05
7.313317901575859e-05
7.277571748274744e-05
7.280712579936437e-05
7.262941806464485e-05
7.233348701020219e-05
7.363528222394736e-05
7.35891587069494e-05
7.359253512576729e-05
7.31375467451331e-05
7.319581252153644e-05
7.391109328373241e-05
7.387709353299794e-05
7.417006695248799e-05
7.357120702634553e-05
7.231540130048159e-05
7.241562909356976e-05
7.330018681348778e-05
7.3620025253767e-05
7.376464785692777e-05
7.464989733465912e-05
7.408550223676409e-05
7.528202971253949e-05
7.509891920397145e-05
7.56063593088191e-05
7.609107557712049e-05
7.577955814496457e-05
7.5776461012275e-05
7.582501078854704e-05
7.579572511324796e-05
7.622750706603255e-05
7.591144220191658e-05
7.505003858824125e-05
7.512051205950343e-05
7.430681939022747e-05
7.310552339631742e-05
7.371802787617717e-05
7.358774843365598e-05
7.393286976536841e-05
7.463089381848886e-05
7.388915919085005e-05
7.430063112266834e-05
7.519483720491227e-05
7.452167199358685e-05
7.531876831665185e-05
7.601133281872804e-05
7.50802857684358e-05
7.493665125425033e-05
7.48820940088546e-05
7.438128153749796e-05
7.379869021629695e-05
7.207255980131308e-05
7.166407628286614e-05
7.22620045359826e-05
7.237734594920184e-05
7.231882305527761e-05
7.207353163565503e-05
7.215998088203202e-05
7.209229416969908e-05
7.227927005116645e-05
7.269090564897688e-05
7.246385664774744e-05
7.238000745247856e-05
7.306599588967115e-05
7.334736560720871e-05
7.337515987120019e-05
7.363344302342643e-05
7.338037880253733e-05
7.282704445161207e-05
7.188482549537291e-05
7.192306100423008e-05
7.16130687686261e-05
7.179834790057602e-05
7.210514997929494e-05
7.178184579160016e-05
7.238667904128602e-05
7.275641785087168e-05
7.211995175952355e-05
7.201780090239732e-05
7.256211955210473e-05
7.2925907751336e-05
7.255596999412007e-05
7.261196314880241e-05
7.187043480394877e-05
7.172486780799924e-05
7.213741174628388e-05
7.153765613818265e-05
7.162319820460944e-05
7.197497361380014e-05
7.145690212041713e-05
7.085605431468139e-05
7.139365219603969e-05
7.172165144276536e-05
7.101195977496467e-05
7.174707788623602e-05
7.211595733484028e-05
7.313165664741693e-05
7.286811051031575e-05
7.280998702348046e-05
7.2872508995198e-05
7.256175885807158e-05
7.170080809758e-05
7.194121255528889e-05
7.110285783879251e-05
7.158634472519476e-05
7.204594864265727e-05
7.261617363875691e-05
7.26319729472651e-05
7.26231932920144e-05
7.238078502926068e-05
7.280821522511549e-05
7.35177041951143e-05
7.251384431068678e-05
7.299794766079655e-05
7.27716161587295e-05
7.274191035809823e-05
7.26170767352123e-05
7.213795231387366e-05
7.239106646084234e-05
7.186852393077826e-05
7.229635522320662e-05
7.196453863715867e-05
7.223204640058503e-05
7.227705183575173e-05
7.296855497061026e-05
7.284770230095985e-05
7.269915671884861e-05
7.208197444582339e-05
7.253279112825814e-05
7.247704379198098e-05
7.117312340420338e-05
7.076804195198133e-05
7.081058349084415e-05
7.037195616292662e-05
7.018638108578121e-05
6.995599461124157e-05
7.014596406748917e-05
6.971008045857014e-05
6.982195619619748e-05
6.997886830350157e-05
7.000485861639054e-05
7.002160684599092e-05
6.94489162305236e-05
6.965071242779875e-05
6.982172247561354e-05
6.99942548322333e-05
6.999857722454063e-05
6.966522152826343e-05
6.980409449858047e-05
6.914652300649184e-05
6.885957588659825e-05
6.791801962039344e-05
6.81499210413949e-05
6.844382787749076e-05
6.891234128427789e-05
6.882817939543873e-05
6.896258770944277e-05
6.880542604575842e-05
6.874515371673657e-05
6.882378032805855e-05
6.918254066732905e-05
6.881487121718612e-05
6.939974922307306e-05
7.029703176432603e-05
7.021274923011085e-05
7.067593583677791e-05
7.00594695265608e-05
7.074592288718913e-05
7.064956113894283e-05
7.076881943242098e-05
7.123942337730362e-05
7.135532521054676e-05
7.128002939978359e-05
7.134177020548677e-05
7.15207502406945e-05
7.180993993517496e-05
7.170883557620622e-05
7.15607845430232e-05
7.131821727816608e-05
7.084954072381716e-05
7.081066519860819e-05
7.098397445732663e-05
7.111002298625267e-05
7.128162321316567e-05
7.082535149668823e-05
7.10932030451804e-05
7.061989038572211e-05
7.072315835667808e-05
7.11508429074293e-05
7.029799338639267e-05
7.023525676809155e-05
7.019784216573285e-05
6.991846555267977e-05
7.045086513962348e-05
7.027565488474681e-05
7.019869257940628e-05
7.031014054479975e-05
7.015194947629228e-05
6.987058185907047e-05
7.00607213467956e-05
7.003760632033603e-05
6.939734213061559e-05
6.971404663211678e-05
6.95185666957421e-05
6.928062176299995e-05
6.954914389369703e-05
6.881726235108003e-05
6.875152032796572e-05
6.881458835433671e-05
6.87463687051354e-05
6.893475295108038e-05
6.899276144065603e-05
6.909618689136996e-05
6.858607242322293e-05
6.834441277654653e-05
6.834568120888189e-05
6.804500574095085e-05
6.787776432871679e-05
6.766223948885674e-05
6.762276724569074e-05
6.714718796362981e-05
6.658055108363934e-05
6.632698807846768e-05
6.607635161876248e-05
6.633550329013733e-05
6.666339119528134e-05
6.633445738549354e-05
6.601941767503961e-05
6.572707878274357e-05
6.529479914008953e-05
6.483485942390227e-05
6.470855029257438e-05
6.425652506573532e-05
6.396889886503226e-05
6.424618567718869e-05
6.409161179056749e-05
6.385419610609168e-05
6.356103262215488e-05
6.324216248610197e-05
6.348488153385487e-05
6.399026302596658e-05
6.358379249388501e-05
6.334579266990375e-05
6.381460227888879e-05
6.373575898216875e-05
6.316126237546951e-05
6.335256753160845e-05
6.356704072372995e-05
6.359788151386025e-05
6.366783615149266e-05
6.373917383992864e-05
6.380221197366736e-05
6.342795418917678e-05
6.331193413995311e-05
6.308598891213104e-05
6.373887020424917e-05
6.360930263981424e-05
6.323575252514413e-05
6.250649104055894e-05
6.261398992532154e-05
6.201812697179166e-05
6.161395960052765e-05
6.158303103569277e-05
6.218733273805395e-05
6.222059674590947e-05
6.205773914573011e-05
6.134651917453399e-05
6.150734291197427e-05
6.144300660293924e-05
6.0889971285702386e-05
6.133154117056212e-05
6.12981567331494e-05
6.191937997344815e-05
6.179146202935457e-05
6.148487016482561e-05
6.148625478660172e-05
6.195290788034472e-05
6.194648319783773e-05
6.211235819661429e-05
6.143797833553497e-05
6.185356152304576e-05
6.160447720045525e-05
6.135107710212181e-05
6.1047781685869e-05
6.055834876187364e-05
6.021157253240699e-05
6.038347918224333e-05
6.006256803495854e-05
6.0135206786539185e-05
6.023592654892316e-05
6.032619519931213e-05
6.07230038507378e-05
6.128605162399559e-05
6.14675824895888e-05
6.141530168279204e-05
6.148327982889639e-05
6.08909821656688e-05
5.98889186476537e-05
6.063414116660706e-05
6.066061759596084e-05
5.992035099447232e-05
6.004017128223569e-05
5.988744515938704e-05
5.9108632478564236e-05
5.875800293330421e-05
5.8868182852407484e-05
5.8895096208533285e-05
5.888341026342769e-05
5.8700322280125964e-05
5.840585125215462e-05
5.8422664230970896e-05
5.782296528618793e-05
5.769224531102618e-05
5.7846739912055075e-05
5.7753217275384866e-05
5.7639157848303914e-05
5.770083957020572e-05
5.668712009723568e-05
5.655765672347875e-05
5.6411469411242236e-05
5.618182716139199e-05
5.6109009967429254e-05
5.5860983632563507e-05
5.593354128295504e-05
5.561329794310473e-05
5.5221709773340896e-05
5.5047261267361285e-05
5.475571736147093e-05
5.4959748000226686e-05
5.499722222819564e-05
5.466543759352717e-05
5.451447984648855e-05
5.420726147666403e-05
5.490307965834011e-05
5.5087392333441244e-05
5.452509103872148e-05
5.410869542603421e-05
5.4196306360721426e-05
5.418191443518161e-05
5.4175992371879023e-05
5.5160633236003496e-05
5.4928141536878903e-05
5.5221293538928345e-05
5.47213107950776e-05
5.4923317635374575e-05
5.533302613542862e-05
5.558698856856564e-05
5.5261327509167164e-05
5.549494737396545e-05
5.531762751604666e-05
5.55890518908122e-05
5.610699928245148e-05
5.59354741269074e-05
5.628660483735031e-05
5.619662477492519e-05
5.5296091987122096e-05
5.5371870069768697e-05
5.545965184536726e-05
5.518624424636579e-05
5.534934939022251e-05
5.5754415627999914e-05
5.601409624233599e-05
5.597577857062695e-05
5.6121855377263486e-05
5.621317624232731e-05
5.5489860655082037e-05
5.62168989819508e-05
5.674008003210955e-05
5.678120273116057e-05
5.650649628024793e-05
5.778114813598033e-05
5.803331764745697e-05
5.811886211516963e-05
5.841074298253415e-05
5.8348832266677976e-05
5.795740521962719e-05
5.729634508288439e-05
5.768984817839439e-05
5.801235625363825e-05
5.6892502619897197e-05
5.7579425990557565e-05
5.654909341358641e-05
5.600821162641997e-05
5.582198514990225e-05
5.5458769307626476e-05
5.499537895445409e-05
5.4692869632539697e-05
5.529581392336098e-05
5.5021337878965746e-05
5.466639479178072e-05
5.47352480220642e-05
5.490413109915608e-05
5.514803364533178e-05
5.462964611657733e-05
5.3973899650680125e-05
5.4232876165808415e-05
5.387167151608689e-05
5.459992055689848e-05
5.409465275464074e-05
5.3450052265936064e-05
5.3397802977356574e-05
5.284763609947891e-05
5.279724141889698e-05
5.293785581419752e-05
5.3188876783607767e-05
5.2664030328614365e-05
5.317448399721391e-05
5.407964207352577e-05
5.424119029105484e-05
5.420979874306328e-05
5.370596435293011e-05
5.3700485209976714e-05
5.344285578871891e-05
5.3180272335956516e-05
5.260333038596786e-05
5.149155521703694e-05
5.174214283913895e-05
5.137539778532498e-05
5.1897443010297074e-05
5.126956846748013e-05
5.162264648753215e-05
5.137624387373512e-05
5.131625882418014e-05
5.160041872255083e-05
5.08135130938903e-05
5.088230596894984e-05
5.113724875023656e-05
5.1271802743044947e-05
5.080363396063569e-05
5.0151464570587574e-05
5.0239926716266684e-05
4.9730310174810464e-05
4.997380651561701e-05
4.918921765274345e-05
4.884188553894102e-05
4.891535756415155e-05
4.885924790227113e-05
4.915481480149015e-05
4.887985769863677e-05
4.8801103039629566e-05
4.8001416141592475e-05
4.746128136625558e-05
4.762227405069896e-05
4.748936686141526e-05
4.776004217581325e-05
4.814305608435564e-05
4.819929903360258e-05
4.8377416696936885e-05
4.819235559657438e-05
4.810281248272431e-05
4.844602607195682e-05
4.813176507192244e-05
4.780826604963345e-05
4.759036955182035e-05
4.750468546777847e-05
4.774514875675171e-05
4.813812995006526e-05
4.8247870824806505e-05
4.898570347743063e-05
4.9467700775908316e-05
4.949088379695811e-05
4.906362398837121e-05
4.89823257913667e-05
4.9333564644487454e-05
4.944094633732034e-05
4.971271934290201e-05
5.001810410526874e-05
5.0241866573564584e-05
5.025076468917917e-05
5.0890540310758065e-05
5.076923952642595e-05
5.056790489409068e-05
5.1641991050869946e-05
5.187802115496307e-05
5.250368882648329e-05
5.239939699790833e-05
5.156352616621967e-05
5.056940341271033e-05
5.0702999189038505e-05
5.09710472764453e-05
5.090007035799916e-05
5.0497137299459346e-05
5.0740461617144255e-05
5.089341990223598e-05
5.132418545301537e-05
5.102842926439775e-05
4.998270348734237e-05
5.010118993945822e-05
5.0160557639984543e-05
5.0470196123280034e-05
4.990462915921241e-05
4.8922177481928334e-05
4.800010341165721e-05
4.7703003489523754e-05
4.7480303883260765e-05
4.7653812705542355e-05
4.770699429328163e-05
4.759905818231144e-05
4.759361501085543e-05
4.7092006877216504e-05
4.6662662289771597e-05
4.6957166725613795e-05
4.696848177346503e-05
4.717680909882434e-05
4.6218842084017646e-05
4.667595400117705e-05
4.592355205609214e-05
4.6560433698937076e-05
4.6614967399045885e-05
4.6577509291016645e-05
4.66683882893811e-05
4.712933746466368e-05
4.690796475529016e-05
4.731939312334178e-05
4.778745660969712e-05
4.8533793124735265e-05
4.882997752060018e-05
4.9174211481594376e-05
4.923856203665661e-05
4.958934770296627e-05
4.992376742873593e-05
5.0201728453361856e-05
5.0555555744091825e-05
5.0644413935516104e-05
5.06349784489378e-05
5.1509053727554535e-05
5.105516869044723e-05
5.043537531402004e-05
5.0866999620541646e-05
5.0932330876318606e-05
5.126058242987133e-05
5.15696086219889e-05
5.121112164205559e-05
5.119501250133018e-05
5.1723559404669654e-05
5.194838940460029e-05
5.2688575787957136e-05
5.1861784198579687e-05
5.106340774046745e-05
5.106186619124975e-05
5.1595362373185085e-05
5.188596351893183e-05
5.1116962648356356e-05
5.031989793304244e-05
5.070308445163292e-05
5.0499350444753836e-05
4.956053252493239e-05
4.9190404672600274e-05
4.894055270680881e-05
4.90498938563597e-05
4.8078023498959244e-05
4.798191550394826e-05
4.7893707689811365e-05
4.759889948302671e-05
4.733378678245737e-05
4.7073877974435756e-05
4.6792179687459026e-05
4.653526384146779e-05
4.8423042379205126e-05
4.770469116759053e-05
4.8009713672057846e-05
4.821881062130078e-05
4.8151369361870286e-05
4.7481150492681795e-05
4.792270076765091e-05
4.764733192255448e-05
4.792276445121782e-05
4.7597634130443656e-05
4.729053734159465e-05
4.7595286824799433e-05
4.7848584489315684e-05
4.8053562083318755e-05
4.7898362201446666e-05
4.7472376652720124e-05
4.779748555767823e-05
4.945698389547324e-05
4.9589939099778026e-05
4.9531776895739835e-05
4.992791009347038e-05
4.9166360445210175e-05
4.8744032723739476e-05
4.8002240217845336e-05
4.7373424329503536e-05
4.732534085026131e-05
4.7417362136406844e-05
4.6386750211521756e-05
4.609628797281887e-05
4.537123740576015e-05
4.421748072477102e-05
4.466563292931967e-05
4.596008553183717e-05
4.5584404483429636e-05
4.553600251093788e-05
4.5245198225816415e-05
4.3972663160785446e-05
4.379429654713964e-05
4.3194218397107304e-05
4.370486368185141e-05
4.313445802310763e-05
4.353891736407275e-05
4.301858292224749e-05
4.344925912599301e-05
4.316745551652165e-05
4.481015343082697e-05
4.568079025938333e-05
4.573216484961879e-05
4.651569352912215e-05
4.641617841813676e-05
4.624417019193276e-05
4.585905809276915e-05
4.61158134601383e-05
4.64261654573672e-05
4.638719123122283e-05
4.562033943144765e-05
4.564292124522698e-05
4.375275868558924e-05
4.426262515512031e-05
4.401584228403971e-05
4.427801190672742e-05
4.41020788500212e-05
4.494709456457635e-05
4.565872807957111e-05
4.5852693262254204e-05
4.4651650716924e-05
4.493291261398057e-05
4.5362108093415604e-05
4.531822765688457e-05
4.474546925444872e-05
4.4385420658527674e-05
4.177496125127333e-05
4.0832780230799624e-05
4.055606771853707e-05
4.065880286923409e-05
4.1569133106175104e-05
4.117425154436215e-05
4.027254807777283e-05
3.997275167659304e-05
3.9680030278459156e-05
3.977939820185826e-05
3.9470887255751495e-05
3.802098287208387e-05
3.839622134156092e-05
3.910279826556426e-05
3.9394621692955894e-05
3.807482609975219e-05
3.6775546042207225e-05
3.386084791687651e-05
3.27436179522068e-05
3.2522825556237254e-05
3.2151648435252105e-05
3.188215620745153e-05
3.0242219762399406e-05
3.0498630747566842e-05
3.274074379022808e-05
3.124789616973857e-05
3.115825428533413e-05
3.2860505129562765e-05
2.9297295882305454e-05
2.6449058808348298e-05
2.1538366173598736e-05
1.399793216484658e-05
6.883619974596939e-06
2.25331789793684e-06
6.089203356448581e-07
1.8448891839957268e-07
2.2290362031713356e-09
