6.572418627814469e-05
9.704939104011413e-05
0.00011106826176013307
0.0001410780147878367
0.00018825703248824912
0.00022026662415144385
0.0002747858669677282
0.00032999075794188303
0.00035264072190799696
0.00047581481251225623
0.0004965990302082037
0.0004017225572260328
0.0005433047339679446
0.0005187724619833093
0.0006371998315569307
0.0006944463219941984
0.0005900620337587184
0.0007790948319340758
0.0007231994154737814
0.0009826027349621677
0.0007938518791082668
0.0008808050649755292
0.0009047054031346545
0.0010110450905873192
0.0008957227806955505
0.0010669854404309362
0.0011423322170481074
0.0011439790492906025
0.0008855646582585268
0.0010585854244729153
0.0010938494083020881
0.0009578602556936314
0.0011790742728281568
0.0012021022329194054
0.0013502071819377127
0.0014728111634320824
0.00112095210908353
0.001471769078851034
0.001582183184701522
0.001298028595764358
0.0014204679563779717
0.0014405562248623663
0.0014810329761813566
0.0016136910223803803
0.0016908535579887884
0.0013428404732960665
0.0017620389953277135
0.0018561184251154044
