0.0001486783819018362
0.00018921204023719925
0.00028163702548091675
0.00033933311015040864
0.0003579125991453558
0.0005411968065878807
0.0005091055811648153
0.0007977396755192251
0.0008873082994524059
0.0007537149559978313
0.0009598683473068685
0.0010747324990357464
0.0011579267779741787
0.0012260317894136335
0.0014489143769731518
0.0014165358042102039
0.0013558104799488472
0.0015927558180389694
0.0016645533815189963
0.0016706573169530785
0.0015147462251605443
0.0019478420565586165
0.001800810992628013
0.0015382234073403407
0.0018531409219638762
0.0023646245531175588
0.002100312991040017
0.004225784822309998
0.005135374597605256
0.006217457066865193
0.003278341787035206
0.007571177088659039
0.00863246389213865
0.006503934982478019
0.0036188875607542684
0.0029662877495967013
0.002926665575814972
0.0025918593238249865
0.0024283509840382347
0.0024822384230257072
0.0025229190773127944
0.0032136274028808746
0.00304053407225568
0.002938421071591458
0.0031121378420989844
0.003196068806586141
0.0029175689439949553
0.0032521024495634153
