7.915249555145542e-05
0.00012185975597869051
0.00016070236697649924
0.0001814792523909798
0.00020171374494380555
0.0002124239290098843
0.00030388804447805843
0.0004260427510686867
0.0004679331718625885
0.00040923550998500446
0.0004850032337662542
0.0004887273863390635
0.0004838806980860014
0.0005336960661396804
0.0006809881708798666
0.0005609031619068829
0.0005823282111755
0.0006493408596182827
0.0007555870914980165
0.0007166073404859376
0.000704871402408754
0.000826457492132527
0.0008040162061448205
0.0009679114821894445
0.0008591079622455958
0.0009695958304978492
0.001020894137656025
0.0010203968034875786
0.0010184108695598807
0.0010262699402962003
0.0011910411853849104
0.0013845667172351697
0.0009099803154175014
0.0012774364969879728
0.0014122419086437165
0.0013222542291587973
0.0014441312193142005
0.0014068610950840918
0.0012236591622372022
0.0014412772841833322
0.001552740627143217
0.0018220763637566478
0.0014068671771111047
0.0015251589269557257
0.001459522768096995
0.0016392986181813112
0.001781080653270913
0.001790003023698578
