0.0001217229151027188
0.00017460321921540704
0.0002513789387176607
0.0002494181712543988
0.0004418597156201676
0.00044173991793169704
0.0005743392354184219
0.0006652700421890204
0.00074389831202581
0.0008420095254745442
0.0008830186326003283
0.0010611046777604346
0.001205116402437276
0.0011873752045603071
0.0013192420396646227
0.0012592729133980025
0.0015223685805331878
0.001505616991556001
0.0016083686151426224
0.001530064500125713
0.0014662690559239947
0.0017094582176071641
0.0018346084432427283
0.002277380052826226
0.002247497115145553
0.002115954406898329
0.0020514167633748723
0.002347894701256875
0.002252081148556508
0.005514973539641354
0.026561465995503734
0.01125542140441743
0.022000656826866773
0.007370198676144276
0.003949762689941996
0.0029573556915803317
0.0025786440121746404
0.0024967722339095414
0.0029539054420710605
0.0032007202588485184
0.002449151062876518
0.0025441084277443523
0.002713981470323757
0.0033246146502374416
0.003646867996997999
0.0029197359503860326
0.0032517383196666153
0.003326014615759295
