9.485342394999296e-05
0.00011343986811255922
0.0001754889455925585
0.000212728738289014
0.00026851663173363226
0.0003572406466328898
0.00037272447429632894
0.00039901200380260756
0.0004374759510620777
0.0004927292061524716
0.00047644331163028457
0.0005170589340191777
0.0006679163141312881
0.0006083135836117415
0.0006291346221269791
0.0005851854484598732
0.0007357724301002459
0.0006635633487928143
0.0006823191148065777
0.000831946550239733
0.0007272375866814377
0.0009036858556534311
0.0007860756109992198
0.0009584311979712059
0.000885200263143669
0.000986657785375658
0.0011255957722450971
0.0010225858072200954
0.001235426470411789
0.0011179429381490708
0.0010257407520321059
0.0013051101123057723
0.0011419716339624046
0.001254723311631547
0.0014097928831595375
0.0013957162134597416
0.0012960812618653661
0.0012795469240175197
0.0013751486632141748
0.0014135704608544705
0.0012527117359993846
0.0015396070561393205
0.0017429950697481782
0.001681058902262121
0.0020556930044439096
0.00187208903062942
0.0016106102397412572
0.001572539447469733
