7.331375947495117e-05
0.00010944289471041764
0.0001498705553737114
0.00019632290949478287
0.00020552499121854732
0.00025562843420769225
0.0002911421997009294
0.000372492567034004
0.0003704280748133543
0.00046837065929929
0.0004903304620701883
0.0005289241011507969
0.0006876393200468174
0.0006735348341770016
0.0006811198372278037
0.000790294540982691
0.0007679582827769629
0.0007645645073187609
0.000791066464278917
0.0008775265718588691
0.0008366217324175361
0.0007079600210319525
0.0010716553989554528
0.0011404905924911034
0.0010613101979747323
0.0009977274635874136
0.0014159910054952953
0.001206791928611537
0.0012950168098055585
0.001441044968968566
0.0010921931599622266
0.0014069269132550592
0.0013731363211659932
0.0014035073993261156
0.001332642664555052
0.0015330033732248755
0.0015080428045473047
0.001731090125383106
0.0012334113060472668
0.0014497929453602515
0.0015527005173338662
0.0014413697093774013
0.0016207273053781043
0.001298250460476963
0.001485993585455687
0.002030361844900947
0.0016639506377639217
0.0016866779376633262
