9.011229265605803e-05
0.00011279203705082572
0.00015575466113710098
0.0002019776481161889
0.00023094890512377123
0.0002612668895852653
0.00036143124723537714
0.00043471511376931126
0.0004871929708244117
0.0005247453860981704
0.0005602685360375203
0.0005827746397891706
0.0006298256574401384
0.0007283307393125097
0.0006834829059646618
0.0006838269642283599
0.0007386979670082882
0.0006828421968199385
0.0009136679173948699
0.0008387620470224752
0.0010174757184076787
0.000920059409368759
0.001018329970180299
0.0010583149981521385
0.001191685015343875
0.0011014172809109984
0.0012552441694164396
0.0010218881043577513
0.0014423737266457284
0.0012172711863999563
0.001304086067415454
0.001466626646450025
0.0011000642543758403
0.0013774699898990448
0.001352804065839542
0.0014045178020950949
0.0010653551045966033
0.0014195720441154147
0.0014783133673967842
0.0014536545146180196
0.001782593961913927
0.0017428623519206649
0.0014738902537065873
0.0014949115944370315
0.0015599195017360185
0.001540272471823109
0.001343811096501546
0.001514698503192737
0.0017226673069632111
0.0012241689942627937
0.0014807663064753793
0.0015933475855463553
0.0017545169739965492
0.0016624430640673144
0.0016136223005538824
0.0017518525011575416
0.0014376452326394257
0.0017016490942235501
0.0020757217138324523
0.0016701572860998435
