9.621153633996336e-05
0.00014773709606640323
0.00021464857692660426
0.0002482264308585151
0.00032011456213233697
0.00031663748780266576
0.000346716246034595
0.00043011232411271883
0.0004802411086243556
0.0006316874653096564
0.0004445069680405178
0.0006104219878479293
0.0006262549071186547
0.0007774736180641335
0.0007155741498682219
0.0008285866589291795
0.0008695556541390757
0.0007783328440932225
0.0008244544561106508
0.0008501155243470796
0.0008422281995924036
0.0010467594471214104
0.0009176023551621522
0.0009467188378974386
0.0008795470863276048
0.0010213947536679563
0.0013049631027485906
0.0010653381191602425
0.00101840553761971
0.001253825869359437
0.0011444051536744313
0.0010519802669060206
0.0012551802113616756
0.001437073808475108
0.0013156526450340432
0.001281657525105273
0.0012660500550147132
0.0010355770986039423
0.0015388776840541073
0.0014128326470612502
0.001221225141165924
0.0014883987090950216
0.001296138207007414
0.0015314576813836138
0.001223217250517391
0.0011816254245121205
0.001321657553367657
0.0012259509375182748
0.001456559466782766
0.0015090161840043061
0.0017765880974462847
0.0017027359174892384
0.0017582755496915305
0.0016308834666241342
0.001953031828628111
0.0015715657774877144
0.002092959520585088
0.0018645525027428489
0.001823425585081184
0.001622754826725787
