0.00013706401154554252
0.00018253668158454468
0.0002504461185143396
0.0002857169946302201
0.0004522218020422195
0.0005328802263567075
0.0005397421475457278
0.0006459523087311913
0.0008180943969515493
0.0008692055611063431
0.0008687680790332184
0.0012735951772287596
0.0009223235845335852
0.0012505511537270833
0.0012239422950303279
0.0012648592676447272
0.001659319997942517
0.0016643015223703943
0.0019128394899888168
0.0017369071860520173
0.0018920521203513476
0.0017905973452981318
0.002204622509245165
0.002091816453566269
0.0023383272246802886
0.0019617297839970844
0.0023202911717748417
0.0021632360493393965
0.0020815678374179166
0.00253426107554516
0.005202106076008219
0.006306161880079905
0.008157118089448342
0.028637387482193577
0.0909501687827543
0.09854438015327316
0.19953822845477615
0.2864055092400488
0.09405723060701114
0.11967693703150349
0.006553453504592475
0.0038393382538765824
0.0034930186289963885
0.002911628763630411
0.003259361120520313
0.002345335203452448
0.002647903571239759
0.0026153831826791676
0.002465347740495339
0.0028834578329549826
0.003475777640947889
0.00265725533697185
0.0027878152045480325
0.003301229725788764
0.003405650053819721
0.002871324832032434
0.0031609075242501517
0.0035109779594721113
0.0034291025470436997
0.0028669319127629395
