0.06
0.08
0.1
0.12000000000000001
0.14
0.16000000000000003
0.18000000000000002
0.2
0.22000000000000003
0.24000000000000005
0.26
0.28
0.30000000000000004
0.32000000000000006
0.3400000000000001
0.36000000000000004
0.38000000000000006
0.4000000000000001
0.42000000000000004
0.44000000000000006
0.4600000000000001
0.4800000000000001
0.5000000000000001
0.5200000000000001
0.54
0.56
0.5800000000000001
0.6000000000000001
0.6200000000000001
0.6400000000000001
0.6600000000000001
0.663
0.669
0.675
0.6800000000000002
0.681
0.687
0.6930000000000001
0.6990000000000001
0.7000000000000002
0.7050000000000001
0.7110000000000001
0.7170000000000001
0.7200000000000001
0.7230000000000001
0.7290000000000001
0.7400000000000001
0.7600000000000001
0.7800000000000001
0.8000000000000002
0.8200000000000002
0.8400000000000002
0.8600000000000001
0.8800000000000001
0.9000000000000001
0.9200000000000002
0.9400000000000002
0.9600000000000002
0.9800000000000002
1.0000000000000002
