0.00015502222440503456
0.00020823933970093517
0.00027545137496310296
0.00036172962578532284
0.000470069325056038
0.0005793370216295781
0.0005757168538963266
0.0006236497536580861
0.000748399242792001
0.0009506544886623337
0.0010201713866114929
0.0009698428286041641
0.0010849328763188743
0.001012455570535257
0.0011954005734100476
0.0013868242407867504
0.0015897430836449803
0.0015101837674905399
0.0015893444096921354
0.0020251737456133145
0.0016305476850115859
0.0019144663477198938
0.0018874913120383629
0.001991935552808936
0.0017842789747356752
0.0019114185221807153
0.0022397400368754606
0.0019074009788914378
0.002392173802184602
0.001974691449879551
0.0021811372202669506
0.002470464898669994
0.0024862780186562573
0.0027630161965542114
0.0025612689256793776
0.0024870404658657533
0.002299551321014751
0.0023741794147437837
0.00231089784901533
0.002419026738968917
0.0028394072849650914
0.0028424980172293422
0.0026351548698613537
0.0028896828838515377
0.0026991174403496756
0.0029548649683150633
0.002902536755910614
0.0028901079534473123
