7.700971862807768e-05
0.00010176671040722771
0.00012835417583235604
0.0001682015943690989
0.00018828781657007445
0.00024226870250920277
0.00026340476643215696
0.0003421977708994719
0.0003511185261937963
0.00040252196675964985
0.00044093657138919145
0.0005255080935535097
0.000448157095267779
0.0005679457282642525
0.0006132003207111193
0.0005646273275368819
0.0006108451017268624
0.0006478985184647794
0.000678213863086212
0.0007599246369163399
0.0007738140581984167
0.0007674131872005874
0.0007943294116376203
0.0008710033548952569
0.0007909326939148901
0.000984380115773167
0.0007405770608078956
0.0007381773902220658
0.0009473971300522901
0.0009736053912917173
0.0009407904007774501
0.0011477718595126667
0.0011807918338234884
0.0012702447586001803
0.0012603721914534885
0.0011090340638908016
0.001340494725394407
0.001212082565529119
0.0015921286805819252
0.001337990796402725
0.0015052462588453024
0.001345705976608078
0.0013470818246147129
0.0012515243431931347
0.0012533239136871268
0.0013397586795424596
0.0018388985901560402
0.0015627220415667103
