7.598814455197458e-05
0.00010834324794161781
0.00012685552664032804
0.0002040949900533526
0.00022295944025061025
0.0002477154005390859
0.00028183907720668233
0.00031810776520664044
0.0003673835564481047
0.0003328277938104126
0.00048653855572702186
0.00042780781888391027
0.0005358444106685
0.0004421875841268605
0.0004874633313759955
0.0006268328903064679
0.0006362011282009472
0.0006419120955892002
0.0006959702854291183
0.0006874456849712069
0.0007709549248892206
0.0007776260598206686
0.0007710478842758492
0.0007370433598195038
0.0009837900123051424
0.0009078123067480575
0.0007874587196566648
0.000891427001410134
0.0009888993031577497
0.0008155395042744813
0.0008893761293116583
0.001040910922758257
0.0011448315733720875
0.0011158802272914388
0.0011341211039270019
0.0010617404890731074
0.001271264673136859
0.001107618171172539
0.0013727915811599784
0.0012857106801972774
0.001090659035396368
0.00150014731636877
0.0015036037933020578
0.001383814059102975
0.0015199353135857557
0.0017734011395822964
0.0016443316557725259
0.0015869740188107421
