0.001057409787391969
0.001128490969155973
0.001251834150927732
0.001079193439805272
0.0012834939602982096
0.0015755254376156398
0.0014699751650221
0.0014983515873071564
0.0018320009594100268
0.0025096010738372963
0.0026188477752419276
0.005047601225243999
0.0054524147812913155
0.0073282650257482426
0.008362035849522057
0.004995691546700013
0.004336285748562647
0.003449370546952977
0.0035418141487451532
0.002464609165814943
0.0021262046948697425
0.0011694835595212325
0.0011622234778718452
0.010069941412181573
0.0011178383203028714
0.0010634492293202509
0.0034482236581160307
