0.0010489372002778082
0.0013258680730690445
0.0012372670226729798
0.0013046964257605541
0.001221205977249077
0.0014381549954604518
0.0016221952531710103
0.0017573082168206653
0.0017365715225746618
0.0019610145034652474
0.002407694675502494
0.0034166747618952368
0.004473704413352385
0.007976764491395984
0.010664754287875387
0.012338590490679775
0.011165168108701913
0.009757733221137849
0.0074775452131397935
0.005958574549735127
0.004424468119778546
0.003130042291789583
0.0032831977038444184
0.0015910564623221797
0.0011819119198339066
0.001213745335592089
0.0013281403659641939
0.0012308895272892845
0.00116903268532517
0.0009039073571793283
0.0009532518996010437
