0.0009179608748048637
0.0009172707563473566
0.000914265360287963
0.0009133074271169325
0.0009128775294152041
0.0009090108722694044
0.0009091922310778699
0.0009085681923362879
0.0009079095046704097
0.000908279503848963
0.0009091484312298333
0.0009076615844062197
0.0009069999363413442
0.0009056924207279161
0.0009060847985090431
0.0009067746748438853
0.0009070486077648477
0.0009064342345381012
0.000907510791806247
0.0009040042257153396
0.0008999657866470871
0.0008968400658428909
0.0008964815923920166
0.0008954316067666773
0.0008935088139888253
0.0008905716813507154
0.0008873547113334593
0.0008889474409708611
0.0008873766665558173
0.0008871492402689812
0.0008873166993804637
0.0008886220030559884
0.0008859368615414235
0.0008857857483067946
0.0008838638932212774
0.0008866199381494868
0.0008875053450478309
0.0008885777854336335
0.0008875926265898293
0.0008890792433018307
0.0008891970155126469
0.0008883673275750693
0.000888421971769347
0.0008885038348209226
0.0008896834148091132
0.0008897450587123442
0.0008891811748142743
0.00088799304364784
0.000888554340702577
0.0008898274683577064
0.0008897806747705763
0.0008902215022145132
0.0008916030000674826
0.0008913177086267364
0.0008920580898045961
0.0008911762357900447
0.0008908765258464867
0.000893326735027037
0.0008932234731227829
0.0008926971515237748
0.0008936849078572999
0.0008945747631411332
0.0008953518389266294
0.0008947930285834892
0.0008939712221980021
0.0008936111084607468
0.0008930748052518512
0.0008921277380546422
0.0008859381292375017
0.0008820966131999761
0.0008800397361929834
0.0008780452174859246
0.000877489344458051
0.0008773878644881638
0.0008776594275149514
0.0008767244458294682
0.0008774792461513336
0.000878245574831227
0.0008761479110576602
0.000875093178748231
0.0008744916266411758
0.0008752559713697191
0.0008772500869825701
0.0008754823229157085
0.0008729585339873015
0.0008740888153875254
0.0008752740654451267
0.00087722298321177
0.0008771399818563487
0.0008775096527683809
0.0008763220136510256
0.0008779809112770696
0.0008772265967775632
0.0008759159801757315
0.0008765824025842202
0.0008740606504246785
0.0008741234694636272
0.0008736179304374489
0.0008712167653796763
0.0008697972973296025
0.0008683174350915021
0.0008684539991488233
0.0008686124161306981
0.0008659579183340229
0.0008627147287709069
0.0008612839681319747
0.0008592465788727902
0.0008588700622304623
0.0008586594747241989
0.0008596640540773768
0.0008598966441157062
0.0008596879866993324
0.0008574075220905499
0.0008574120738486774
0.0008560537417606946
0.0008564396779579351
0.0008562639500573964
0.0008555603826168595
0.0008558354859126772
0.0008532283558969861
0.0008523772077849901
0.0008520864933781933
0.000853674469004168
0.0008529154240362002
0.0008518766756065229
0.0008519919751588126
0.0008543168038698414
0.0008538803710925743
0.0008516291164077256
0.0008515346131306432
0.0008497927445236123
0.0008511323818723147
0.0008507500464528797
0.0008501258417384294
0.0008520015635828877
0.0008520379727394536
0.0008476459792973343
0.0008478868504987004
0.0008475698844936321
0.0008494181026960014
0.0008521686726468601
0.0008513265618748147
0.0008502812906276204
0.0008520726781818476
0.0008532116947553855
0.0008537533866938035
0.0008525724132346051
0.0008514309886475116
0.000849942825574359
0.0008501469804666458
0.000851755378733213
0.0008502215348702564
0.0008513132554839898
0.0008520841172568748
0.0008524794991848852
0.0008526305711744325
0.0008527679564540347
0.0008548786634045657
0.0008558909721814951
0.0008570928089385592
0.0008600507927810783
0.0008602482101085218
0.0008581947613802843
0.0008568740468183785
0.0008539366768230423
0.0008515486465035919
0.0008514533729458633
0.0008513416892651873
0.0008495044785519508
0.0008485778924216412
0.000852337757035281
0.0008526256893304038
0.0008497426498806417
0.0008493225511066057
0.000850371211451251
0.0008488863046052943
0.0008503608618207752
0.0008526991595641469
0.0008546451742320991
0.0008535945848497431
0.0008547622388714606
0.0008570531386063359
0.0008584890326686141
0.0008600827560149287
0.0008591902625986565
0.0008585336845499363
0.0008604614781539473
0.0008613027127157272
0.0008666996011005636
0.000868656088897423
0.000870138952865984
0.0008694666344158722
0.0008697712499356824
0.0008690320274073253
0.0008666153400925542
0.0008672402648023199
0.0008676823914991169
0.0008705599796859114
0.0008714284474224522
0.0008734432118151607
0.0008751029911172193
0.0008727104843026858
0.0008733597197139656
0.000873799360838182
0.000878633081764585
0.0008803628650702366
0.0008764975020476549
0.0008754316117975486
0.0008759837737554265
0.0008741641268874162
0.0008735158452892385
0.0008723205146450279
0.0008728642710620593
0.0008734376315525331
0.0008730187904747053
0.0008727170854143948
0.0008708675027396925
0.0008738203819799956
0.0008760831167186653
0.0008788790770545462
0.0008774408598154007
0.0008768354727872683
0.0008758511630107498
0.0008752468260847526
0.0008758295488625196
0.0008766657744259456
0.0008758789253101044
0.0008759242810132794
0.0008764772746292695
0.0008753675947112344
0.0008797477787210791
0.0008793800805376478
0.0008832144317700632
0.0008828061642379214
0.0008844274025045291
0.0008836106100731006
0.0008829833694200721
0.000882663430500261
0.0008825998609943792
0.0008811638234168108
0.000882148712355013
0.0008856606787057638
0.0008818213577019742
0.0008807207652424811
0.0008787780256819008
0.0008788424477342266
0.0008795802947248742
0.0008777825077800077
0.0008766735006626114
0.0008759877771300366
0.0008743285861260171
0.0008753350125437316
0.0008775527302938089
0.0008764803951580926
0.0008766809544877322
0.000876838184002394
0.0008771676172477068
0.0008748502951808307
0.0008776129385837232
0.0008781547935507329
0.0008805229103894196
0.0008846231379161203
0.0008847040904943771
0.0008853601889064329
0.0008827480765660101
0.0008795988763546838
0.0008777180426585285
0.0008753186546983761
0.0008747935682486241
0.0008765315001736971
0.0008754335779638437
0.0008748384152348498
0.000864950139775773
0.0008626633554986397
0.0008616348870649278
0.0008620716433214798
0.0008613141742092159
0.0008614947006129773
0.0008622766666825855
0.000862173560792015
0.0008615423404621729
0.0008624553873971895
0.0008626504089961502
0.0008627898919738861
0.0008611802571506714
0.0008560004469478673
0.0008579980155228763
0.0008574456272662958
0.0008554467516304515
0.0008560244022583114
0.0008576736061054787
0.0008591169289423845
0.0008607405652204228
0.0008617702542559265
0.0008634709831405307
0.0008633534706403647
0.0008644010382552742
0.0008643588040213744
0.0008675634493292169
0.0008662681866706918
0.0008633022309970555
0.0008639846967263812
0.0008638622570717894
0.0008610429417661728
0.0008626354825201511
0.0008637107875843559
0.0008573051987515468
0.0008599503074388982
0.0008611123450240917
0.0008626693083709348
0.0008640634300455523
0.0008656233593537519
0.0008670328457020968
0.0008691965663678232
0.0008705873754083032
0.0008721920362553929
0.0008746976546141766
0.0008692831779883303
0.0008699849216485597
0.0008675198171908157
0.0008660887163987749
0.0008683228135331494
0.0008695504647661855
0.0008660514434574423
0.0008661893433774012
0.00086400567562133
0.0008624072697022625
0.000859896536206042
0.0008610104363227381
0.0008602532175659931
0.000859273734953328
0.0008643213701673349
0.0008665745024406413
0.0008699442141735067
0.0008734218730082261
0.0008722869476105049
0.0008726945620422014
0.0008686082190897258
0.0008694695939047827
0.000869486141804137
0.0008680376778829917
0.0008667260737859191
0.0008665466228761241
0.0008659641042516867
0.0008644958762917138
0.0008624174770506582
0.0008639548440041615
0.0008677173654245979
0.000867444725033945
0.0008682289720424361
0.0008683350358351232
0.0008683504132298769
0.0008644332089211128
0.0008646549592173347
0.0008612093568160738
0.0008563574695698833
0.0008540198441893502
0.0008533562713078255
0.0008534514023836254
0.0008543810826931455
0.0008540674762209143
0.000854664529676667
0.0008563556346316542
0.0008563391396603312
0.0008536073080868357
0.0008482124090702737
0.0008505008596028823
0.0008511194386922844
0.0008495302520279045
0.0008506758294950115
0.0008519375387951666
0.0008516920574619827
0.0008521276259720516
0.0008529635931242649
0.0008551375203367775
0.000856855014124564
0.0008562672727789337
0.0008568700690613728
0.0008555779694172217
0.0008556296038569265
0.0008472706738681579
0.0008435141137693901
0.0008414117220973034
0.0008369280567840291
0.0008370232824820082
0.000843154889163119
0.0008439008369876738
0.000844676612797282
0.0008417774114124802
0.0008395364864478187
0.000837558376856259
0.0008379140757252222
0.0008379125213985645
0.0008377830465257268
0.0008368658242908747
0.0008350736019908906
0.0008359891628005087
0.0008333707931387443
0.0008317906024608433
0.0008284574977270965
0.0008240821031673124
0.0008217777467153101
0.0008205613327100811
0.0008219886199183895
0.00082101394686476
0.0008184797440481726
0.0008155859499488577
0.0008148574800053244
0.0008152493327134247
0.0008134806323958511
0.0008136093381531777
0.0008084060250012036
0.0008078494677131554
0.0008095288589437449
0.0008035330957258279
0.0008024253458385049
0.0008050266094472468
0.000803572970013662
0.000802666443437967
0.0008021565122169809
0.0007982772759620282
0.0007989489320761987
0.0007991935596058313
0.0008027712397675194
0.0008043765483394906
0.0008046433599856414
0.0008062544279564107
0.0008091676388332053
0.0008089464361903845
0.0008073990440331197
0.0008063382871488576
0.0008030933831458192
0.0008037297242858363
0.0008027580279901064
0.0008056819053587105
0.0008042886607350787
0.0008060383143910907
0.00080661848092281
0.0008084276032572619
0.0008038392560563415
0.0007997801949696353
0.0007990325807004901
0.0008033422230083483
0.0008026462717616916
0.0008028353060638356
0.000799482847576728
0.0007958748674562746
0.0007970255007576166
0.0007980593804189782
0.0007970850137578966
0.0007919705443353401
0.0007936531040386144
0.0007891019246865496
0.0007864348923489675
0.0007833202775328109
0.0007840345685340412
0.0007802078663370106
0.00078295655963492
0.0007829854326046498
0.0007814236235803363
0.0007831156156482518
0.0007813459647072399
0.0007813858997962516
0.0007824926948134845
0.0007860690290253282
0.0007887429562579595
0.0007891300023721508
0.0007920696544539858
0.000794003515074818
0.0007877117733193225
0.0007819370039760413
0.0007830460214843005
0.0007852127466212877
0.0007811718085534751
0.0007797034318220703
0.0007810292445756057
0.0007858747770626858
0.0007814200873389879
0.0007748552446693468
0.000773001879836155
0.0007754675588611951
0.0007778806118939285
0.0007752997323804507
0.000774909618151279
0.000771967569820497
0.0007689232995712503
0.0007696307415755426
0.0007736204992590723
0.0007746606273572354
0.0007733202654594528
0.0007733296023662759
0.0007721022338065275
0.0007690571021197392
0.0007682144393180495
0.0007620740344114394
0.0007629054568577589
0.0007632541423865826
0.0007625778493039477
0.0007660098420878616
0.0007687602893922907
0.0007698647491514406
0.0007654636191317662
0.0007643845147917461
0.0007572358135345823
0.0007558487880594078
0.0007538330472093408
0.0007525767496330017
0.0007536810853984281
0.0007541275294362927
0.0007558316435533444
0.0007545808319228354
0.0007527279202404981
0.000750648568990139
0.0007530568063947966
0.0007534183320667081
0.0007547769118380102
0.0007555355508946153
0.000753901980577295
0.0007607557708323259
0.0007602303982005976
0.0007674985732022227
0.0007696097773517742
0.0007663140689417578
0.0007667676780108865
0.0007666521115255033
0.0007708446448937738
0.0007720524009997582
0.0007740691329336715
0.0007788997810017068
0.0007774049699560608
0.0007762081473204945
0.0007756401328361375
0.0007784164897619594
0.0007735136426848245
0.0007744991350259427
0.0007802856540424809
0.0007744789026843476
0.0007738797157309009
0.0007744939582416813
0.0007739756046592323
0.0007729397078789585
0.0007717682621447675
0.0007724684484291079
0.0007721629821229736
0.0007728753259393374
0.0007704918021345677
0.0007693649154001373
0.0007656080228533019
0.0007668582297622843
0.0007722682502877403
0.0007684170885736374
0.000764828344972915
0.0007651670668669266
0.0007701037263981134
0.000769509506424308
0.0007694384792351266
0.0007654545939674971
0.0007616724688018688
0.000761769947059035
0.0007607286421166046
0.0007637591211224599
0.0007654510606552423
0.000768907487944558
0.0007674122219632896
0.0007687738298926917
0.0007697516211940024
0.0007627274194582654
0.0007590011206743127
0.000757254742752317
0.0007558032200603051
0.000756199430011996
0.0007559493693052631
0.0007593551991211692
0.0007604938340742316
0.0007591014815649974
0.000757918165013218
0.0007492831933572547
0.0007489778976419999
0.0007435132111412054
0.000739446293625393
0.0007357028881235623
0.0007365486238529489
0.0007325742089343322
0.0007324616351660605
0.0007294468395956246
0.0007242920240586307
0.0007217800112840955
0.0007182344663636295
0.0007198099930197236
0.0007156876451525323
0.0007182207323977697
0.0007185078924481232
0.0007188116648482414
0.0007171106043448778
0.0007149468998786234
0.0007105763734787848
0.0007155131578794482
0.0007163940039108657
0.0007168235106357733
0.0007137794707102532
0.0007103192921085094
0.0007086383433634425
0.0007116854433959961
0.0007166294170184218
0.0007185757062678084
0.0007223971611295346
0.0007154751335865413
0.0007176304471872052
0.0007191986450781593
0.0007181878871269215
0.0007183654523644824
0.000718176169804165
0.0007159412131573029
0.0007190475075746373
0.0007284651541485959
0.0007296987141758729
0.0007269240267842092
0.0007235486355234125
0.0007242067844216076
0.0007275489515061718
0.0007295305323264762
0.0007324601367269229
0.000731319288658352
0.0007306133169356861
0.0007285288925632712
0.0007326811696977094
0.0007339550983959241
0.0007371221839824194
0.0007344691168150435
0.0007377679761161284
0.0007384279199443794
0.000732558149663634
0.0007293105361669373
0.0007209444439259953
0.0007174189169397074
0.0007174762961400491
0.00071778503595057
0.0007172592771382769
0.000713267276401893
0.000711697091463104
0.0007090971323983949
0.0007088445977530168
0.000706872032366565
0.0007096470175798158
0.0007049515531887229
0.0007048593335646833
0.0007048917579499214
0.0007022351155656529
0.0007022482863891321
0.0006964357731284165
0.0006938440648297089
0.0006886926141953336
0.0006937810131529603
0.000687802831471581
0.0006874935670339118
0.0006869758848263233
0.000683121509552185
0.0006844871125089447
0.0006807099647576131
0.0006762091419467512
0.0006795608092429008
0.0006749406693007407
0.0006735269075649297
0.0006728364400921664
0.0006677547652792496
0.0006722871620849744
0.0006734686241947314
0.0006726634559459105
0.000675700853844939
0.0006771731538866296
0.0006787429830559715
0.0006792107814345557
0.000676777005859118
0.0006715903094001822
0.0006688052428912808
0.0006655658809017761
0.0006650238986558862
0.0006673932530277577
0.0006690867905657668
0.0006683237504219861
0.0006632149045078177
0.0006637360910136078
0.0006630750330198703
0.0006633968338299143
0.0006671194978653837
0.0006650748819497482
0.0006627073709863281
0.0006631488407298667
0.0006552965032128681
0.0006552063712506758
0.0006518245965437478
0.0006547173014814565
0.0006604931277814246
0.0006650093462331507
0.000664425441315482
0.0006635989161549577
0.0006593635284871581
0.0006597833991832669
0.000657698805459021
0.0006575268498176805
0.0006566752104624225
0.0006596602730633878
0.0006578089278086711
0.0006573626899535684
0.0006593863767087411
0.0006584160098830584
0.0006590619124582603
0.000661921249171807
0.0006599520223407559
0.000664838871618063
0.0006609548831423176
0.0006638603196128
0.0006597179804050589
0.0006590670434178061
0.0006593369474688043
0.0006586458950721
0.0006608814358222896
0.0006545853043780618
0.000655340617697819
0.000653534072340877
0.0006529264797168038
0.000652118679312179
0.0006512066198259444
0.0006493577074573868
0.0006546372411843664
0.0006562467436987004
0.0006557998188843861
0.0006562226764610736
0.0006593216735974727
0.0006597152663909676
0.0006605504099938547
0.0006605456744001091
0.000657172199701664
0.0006602653322480773
0.0006601949596540035
0.0006598719591040076
0.0006607720877900852
0.0006616840195003604
0.0006617968880919308
0.0006653806848277543
0.0006619511467839876
0.0006555065746643152
0.0006557221839764371
0.0006598434238047452
0.000660584221698549
0.0006657766333879757
0.0006642932458121701
0.0006638101661967169
0.0006624749418569917
0.000664107641065952
0.0006586498479290202
0.0006556120266851094
0.0006517197193241378
0.0006540915678550112
0.0006518947704371439
0.0006519972524271336
0.0006535746161680618
0.0006555401423509261
0.0006534594962862174
0.0006535543936036488
0.0006532786976194468
0.0006553288349929746
0.0006591593271160594
0.0006598404432345473
0.0006594673168196585
0.0006610456995148429
0.0006636507315619862
0.0006659514551682153
0.0006689043405911393
0.0006683356871104416
0.0006683088052112405
0.0006664626907949834
0.0006666810520035281
0.000669752357802069
0.0006687782368903711
0.0006654485234730138
0.0006641927921163547
0.0006635336231405903
0.000666063315653419
0.0006645454733771216
0.000668542279868243
0.0006693063569836972
0.000672669918766759
0.0006768991708994043
0.0006742162261463194
0.0006749280679400829
0.000672709371142972
0.0006732416936184398
0.0006700328159554882
0.000666726468900449
0.0006675297924766203
0.0006701079562804105
0.0006703771853687637
0.0006688231408450899
0.0006692718374209889
0.0006671622368122636
0.0006643635810707033
0.0006615871050287293
0.0006620238989632227
0.0006653042198743347
0.0006643398547560299
0.0006586309801138067
0.0006579336176945428
0.0006581882911406207
0.0006587474246483451
0.0006576354714720232
0.0006551577689712466
0.0006561271644623509
0.0006535342874988408
0.0006533490486341466
0.0006529264113110399
0.0006504012948875819
0.0006488879008041824
0.0006522150878993125
0.0006510936346873015
0.0006520051415203839
0.0006535727414053959
0.0006583561238423744
0.0006595099810563338
0.0006605602406676077
0.0006593602421230624
0.0006642521967477539
0.0006643136766564592
0.0006626695317786577
0.0006648936481490443
0.0006641372017487888
0.0006632368737498248
0.0006619400767428748
0.0006622673967226701
0.0006641839623877607
0.0006627738052467441
0.0006646262612485327
0.0006640667991311758
0.0006636066739299045
0.0006625366541303742
0.0006614757665371402
0.0006633665643971481
0.0006635084954753278
0.0006617437128642788
0.000660001659004751
0.000657960740916885
0.0006600615117402952
0.0006583868549992855
0.0006538548523187778
0.0006530269006461976
0.0006503660029910759
0.0006498814354896251
0.0006517582349106534
0.0006498523401917242
0.00064959667527726
0.0006467563577786278
0.0006446650818718639
0.000641281679652587
0.0006380967456846306
0.0006369157564433101
0.0006354343811435042
0.000633057715439978
0.0006361240189513248
0.0006365588493238745
0.0006351905690656685
0.000634651586453609
0.0006363710466910195
0.0006355202352956612
0.0006389629678214245
0.000638975756878178
0.0006391576031418357
0.0006397060825829389
0.0006423375565397789
0.0006384576546378747
0.0006386508549019539
0.0006422828882049007
0.0006438623192633903
0.0006416336468944405
0.0006413366937878033
0.0006365542772542468
0.0006331753192874728
0.0006329393659148612
0.000633297767623503
0.0006318717366092018
0.0006309234011482372
0.000627038006736785
0.000627293429778787
0.0006272252713819484
0.0006264623886034253
0.0006280912762355258
0.0006273018759422998
0.0006281134467598067
0.0006266165847787379
0.0006229812286257428
0.0006211486345609326
0.0006201262024412372
0.0006181468238659301
0.0006187374906353452
0.0006201764390296078
0.0006228120598562733
0.0006199632909074374
0.0006169633300638991
0.0006170792207467208
0.0006168437735270104
0.0006144177074609749
0.0006146147566850989
0.0006174553405013744
0.0006162802880128134
0.0006172721582838834
0.0006183246329130584
0.0006227190782734808
0.0006214780457936996
0.0006237117847157609
0.0006235739955654202
0.0006234302841975157
0.0006219167287073865
0.0006210550597213203
0.0006252023159547891
0.000623937339328431
0.0006222129175713082
0.0006231854142423894
0.0006220123954638682
0.0006216171858282816
0.000619945955965607
0.0006208523028892127
0.0006221070178054139
0.0006210617236216526
0.000621017757130617
0.0006220790781658746
0.0006203879316374711
0.0006227944381966829
0.000623508590220242
0.0006272759511870697
0.0006269944900664484
0.0006262025369060238
0.0006277853426570608
0.0006276609907053687
0.0006297168008686647
0.0006269313854745426
0.0006274396268864412
0.000625207786616236
0.0006237768872163252
0.0006240950079056807
0.0006204997346140325
0.0006194465354050993
0.0006173924588587306
0.0006153669660923985
0.000615828256977613
0.0006154486530826276
0.0006165101573356569
0.0006176383981704703
0.0006154622063803967
0.0006136290690945778
0.0006150668016524243
0.0006140668816031274
0.0006137721252024676
0.0006137922594640309
0.0006143627637320685
0.0006155875256050083
0.0006176558261146368
0.0006197662182608296
0.0006193714064273236
0.0006198837395798418
0.0006199002245661623
0.0006195518458612168
0.0006230528570382398
0.000621231792767379
0.0006220836725242771
0.0006217113272265917
0.0006230603473348757
0.0006229972926742028
0.0006238326571732681
0.0006213818223533045
0.0006206324414378509
0.0006204806142182426
0.0006189004593417296
0.0006176002160173562
0.0006150052412300582
0.0006135541479801383
0.0006114916183652721
0.0006121263753089788
0.0006140034994949083
0.0006109726927409596
0.000610276330396271
0.000612940318372526
0.00060962430897884
0.0006105828281497498
0.0006109467782652516
0.0006116037616611571
0.0006105608636299252
0.0006108303247960589
0.0006119973108068161
0.0006125241113572695
0.0006125548854103671
0.0006092409387822353
0.0006117956866255733
0.0006124871175738382
0.0006115549341196099
0.0006106750897281796
0.0006102268677913362
0.0006108998648203055
0.0006100116366673908
0.0006108196422439146
0.0006111824175089434
0.0006095538956607005
0.0006096738434946144
0.0006082958411819478
0.0006077708481990168
0.0006075868577154723
0.0006093639380140471
0.0006078581341378393
0.0006050669471315492
0.0006048885558332625
0.0006049574865250888
0.0006049359586892675
0.0006072124122683801
0.0006082441848452858
0.0006082940491143381
0.000606640655399353
0.0006063589667715009
0.0006049181109483608
0.0006039875061125763
0.000602452982865118
0.0006024979402153899
0.0006032802317151392
0.0005999730319703327
0.0005994713670812931
0.0005970406083928408
0.0005987951448804254
0.000599565411300389
0.0005996035377862922
0.0005990706567691352
0.0005980490063132927
0.0005996708246022297
0.0005994589487818955
0.0006010190969892803
0.0005995157198209757
0.0005977700869818894
0.0005956582864293934
0.0005963470058846901
0.0005964934911807017
0.0005947837181506882
0.0005926946578443784
0.0005922920608144252
0.000591018129960354
0.0005920249698685032
0.0005918489440430362
0.0005888312955584851
0.0005912286366618124
0.0005934277006153889
0.0005932713017474292
0.0005922986096477376
0.0005935522665039941
0.0005915085896274866
0.000589217637169353
0.0005874163882252956
0.0005904121492949573
0.0005917630074213959
0.0005923244130980115
0.0005930554806918135
0.000592531620757504
0.0005947215334255882
0.0005945244501576296
0.0005952542303004364
0.0005964990087034346
0.0005967886977281923
0.0005949095942347888
0.0005929834254042801
0.0005911170338262448
0.0005899752420951438
0.0005867439199495602
0.0005892964825535876
0.0005892127833768959
0.0005904675588290144
0.0005905565254625599
0.000588936696609767
0.0005897112534815842
0.000588679115939227
0.0005885954445058523
0.0005885756204461067
0.0005895463362563574
0.0005901349986655861
0.0005906709384858389
0.0005901473084036305
0.0005909043617417777
0.0005903474923832321
0.0005907693402196345
0.0005903585119888732
0.0005894829528438039
0.0005890532750593251
0.0005892614390531747
0.0005886177875502796
0.0005883454693653613
0.0005867896002147792
0.0005853741506550713
0.0005839796112193362
0.000584376934068212
0.0005836585722213206
0.0005825488919023244
0.0005811321652737494
0.0005800841209107502
0.0005792305290701593
0.0005777815242338977
0.000580710988636439
0.0005796164379858443
0.0005806005145531245
0.0005817101347906821
0.0005807416263654276
0.00058158885648847
0.0005801119376437799
0.0005778874917404738
0.0005806540549385599
0.000580461518930941
0.0005783612180999427
0.0005785697290035904
0.0005760660840445097
0.0005753557108650177
0.0005761568330951002
0.0005765964858930728
0.0005754382852849328
0.000577328380495084
0.0005781620000134593
0.0005768056342246052
0.0005755392603986419
0.00057486717720669
0.0005763907083232832
0.0005765623029254246
0.0005741156648329857
0.0005731979956566049
0.000572700093999606
0.000571989700532425
0.0005747892545436994
0.000572567186493563
0.0005732804647158838
0.0005737700047800745
0.0005726322621640313
0.0005712265981914494
0.0005691921633606102
0.0005687990911681793
0.0005696647456557371
0.0005691287910501518
0.0005685939587494342
0.0005693854988127154
0.0005689860747139559
0.0005706099015271219
0.0005698354813775853
0.000571645893710305
0.0005723980950014428
0.0005730795509407829
0.0005707380550194801
0.0005713304066726858
0.0005739214186910807
0.0005729086054082677
0.0005736819569442749
0.0005748164837879786
0.0005735141190671444
0.0005748021100259236
0.0005747157094188024
0.0005750408986588045
0.000576120133509987
0.0005765448406790333
0.0005757397364245262
0.0005761515741216445
0.0005771998800163473
0.0005765774013506487
0.0005761461916312608
0.0005767576217351214
0.000576801914541485
0.0005773506699288764
0.0005793919422477017
0.0005782493411495221
0.0005774974209018101
0.0005771725757046784
0.0005777611507814133
0.0005778548243772898
0.0005775631311924512
0.0005742698690450525
0.0005724925110208004
0.0005712359582214785
0.000569257586686115
0.0005684968789574241
0.0005687159770754757
0.0005682593650084295
0.0005664917413928765
0.0005665687727449867
0.0005649713332771255
0.0005649741646637706
0.0005641737128610229
0.0005648498067120405
0.0005645177754811715
0.0005622612594387056
0.0005592363439670195
0.0005584834531053959
0.0005590666292165643
0.0005593235351746162
0.0005588283458200377
0.0005578487460945371
0.000559600888551298
0.0005584160943996159
0.0005561967709271078
0.000557708402141963
0.0005591182566832182
0.0005606308285933557
0.0005618109857144511
0.0005621931375729918
0.0005619133850172982
0.0005606051370910093
0.0005620087272586781
0.0005634931523230667
0.0005632170766842871
0.0005640735139893898
0.0005672096721521827
0.0005660688177157953
0.0005646576114842201
0.0005659380213898293
0.0005682479659404053
0.0005658287944654308
0.0005660975656118758
0.0005667855056201696
0.0005677516195977195
0.0005686020687865462
0.0005675767539126562
0.0005654569955290214
0.0005672302554833403
0.0005662573959099568
0.0005637038199830187
0.0005626249556252526
0.0005626872064226685
0.0005626780166338089
0.0005628040284021996
0.0005616313801765185
0.0005598109909428815
0.0005583740244102448
0.0005578468974773427
0.0005580294634017682
0.000559658776818036
0.0005585357629058626
0.000559238710608064
0.0005601035521102273
0.0005630158436247427
0.0005643631189986557
0.0005660391797971857
0.000565697810505781
0.000569301447506236
0.0005705874087084774
0.0005705488427554023
0.0005712713276622176
0.0005707013784106707
0.0005712346533694083
0.0005696664710552835
0.0005698756760576938
0.0005675213539576536
0.0005686951010268942
0.0005712727584256335
0.0005722276286536297
0.000570487662251239
0.0005692264581085228
0.0005685137750345771
0.0005687091131392889
0.0005688712349248282
0.0005686521612702518
0.0005681325068384342
0.0005678540181499257
0.0005673362116696293
0.000566457667183533
0.0005680136033835307
0.000567072680441873
0.0005654341461253271
0.0005653166082230395
0.0005642460657485928
0.0005663419494878741
0.000564560495765305
0.0005649685596727771
0.0005658230006088004
0.0005654982386080168
0.0005647217026420953
0.0005658221359453825
0.0005671843533730295
0.0005646670532041105
0.0005663985597994957
0.0005660549670885851
0.0005652615424989053
0.0005661883678043997
0.0005674079976722475
0.0005671690789909121
0.0005669038674366283
0.0005688223264708946
0.000569167720952375
0.0005693375088689565
0.0005697299310463756
0.0005684517361034331
0.0005679627443113362
0.0005660979546877458
0.0005664352698316901
0.0005662956278885975
0.0005681374897251778
0.0005684237103816775
0.0005687225534064479
0.000569686687250772
0.0005702556050747341
0.0005713978710965134
0.000571160657294034
0.0005693753006526824
0.0005705317485942691
0.0005699123521039195
0.0005697131640706259
0.000570857969063149
0.0005713724724747596
0.0005705552868353134
0.0005690865527657033
0.0005686823614306788
0.0005689945680622227
0.0005691028496666965
0.0005716692692876417
0.0005709031974006983
0.0005695028251678732
0.0005693080841863825
0.0005676744067386943
0.0005674050600141393
0.0005670371212225562
0.0005666418217531136
0.0005639546754143456
0.0005641222479996364
0.0005648353385807377
0.0005641988030935065
0.0005644439424285148
0.0005638962618935876
0.0005619408754439343
0.0005611980240303392
0.0005612726886669848
0.0005611559982375927
0.0005620085004434951
0.0005616766270681539
0.000562728082325684
0.0005625852302940362
0.0005621617426448913
0.000562421572723575
0.0005616089504625911
0.0005616675189376233
0.0005608898370084671
0.0005620866603000224
0.0005626744699092307
0.0005635079302739506
0.0005625205995970124
0.0005630731759097711
0.000564801799717501
0.0005659657807903954
0.0005663358068075346
0.0005672422231303515
0.0005679585557087374
0.0005683421371829177
0.0005688521538114794
0.0005692266718034516
0.0005700259303317741
0.0005692859727715106
0.000568671170094262
0.0005682210547088223
0.0005689231937312389
0.0005690508204828775
0.000567761268185307
0.0005674165498639701
0.00056709671785896
0.0005669084890692409
0.0005664285552215167
0.0005661912930917612
0.0005638072182542414
0.000562342340941469
0.0005603824774994974
0.000559806687617416
0.0005594461417415722
0.0005601601238252421
0.000561072030551626
0.0005620641659727856
0.0005625847006170862
0.0005629544311530845
0.0005629957078256641
0.0005630232273264197
0.0005624014883373976
0.000562786544988606
0.0005629170173861198
0.0005624016227266974
0.0005627501357879691
0.0005621535929292197
0.0005609231549445391
0.0005608435044015808
0.0005600237591623353
0.0005621491105431
0.0005628057940103993
0.0005619032198088895
0.0005627779406277512
0.0005633838225878613
0.0005629647378564532
0.0005641048627464145
0.0005639506460308256
0.0005638702440447328
0.0005634761082018527
0.0005639725808133938
0.0005648356781792287
0.0005647898068525759
0.0005656444172127465
0.0005652104180543135
0.0005664350820018091
0.0005671413365698388
0.000565476988713398
0.0005661138405674622
0.0005658811969027054
0.0005663715283054561
0.000566133704096027
0.000563870859140491
0.0005644442396092456
0.0005658822224689449
0.0005637721313651326
0.0005635092479877236
0.0005634371628675419
0.000564368339220578
0.0005637639792549266
0.0005642043806794513
0.000563337751981565
0.000564916928009666
0.0005649483705193141
0.0005651464592502065
0.0005667915776096362
0.0005675190797454077
0.0005673485144527179
0.0005678294416598321
0.0005678200738081931
0.0005662676440726092
0.0005658687119505565
0.000565107239907508
0.0005653700731677194
0.0005668767149505649
0.0005675845421027093
0.0005678999271033499
0.0005687418350146497
0.0005688253743378513
0.0005691836730861301
0.0005691639537493836
0.0005689190274750326
0.0005682523752171107
0.0005687924349038272
0.0005682205958236284
0.0005685592919789941
0.0005689947396113933
0.0005699030328585777
0.0005708359249754899
0.000570497417332885
0.0005710161713315883
0.0005708147818465396
0.0005721008097535518
0.0005754807767064429
0.0005753935009909114
0.0005741972143747221
0.0005756812446364314
0.0005755011914136653
0.0005745549495293309
0.0005760849543971388
0.0005761924700468826
0.0005768481316600859
0.0005772181363352612
0.0005771137741202134
0.0005758861525275031
0.0005754016939051639
0.0005762738390637911
0.0005785937783785169
0.0005789189065073367
0.0005810815816688534
0.0005811113612734903
0.0005818953828573189
0.0005813450447050184
0.0005799696485248736
0.0005806963037245862
0.0005797003826390712
0.0005809023306231446
0.0005800499368193914
0.0005798215385348419
0.000580458635995003
0.0005806770798871408
0.0005807593904095011
0.0005815412113636718
0.0005818532595631038
0.0005806258856964249
0.0005818047667583362
0.0005816887582439303
0.0005805177300329869
0.0005814852843710259
0.0005802501310395331
0.0005807646080300989
0.00057961232922056
0.0005785867295367384
0.0005778263529181118
0.0005759524902840153
0.0005733092289566761
0.0005722242313675741
0.00057349867745083
0.0005725147240718082
0.0005733016790783498
0.0005753566397839452
0.0005757805996924021
0.0005766749338154286
0.000575135208472447
0.0005757604618423138
0.0005742855967660182
0.0005742825291224167
0.0005764235209867569
0.0005744330555056728
0.0005747658702775763
0.0005741779239093592
0.000573894000031284
0.0005718511119821583
0.0005741662808618885
0.0005737152224838078
0.0005759066857787524
0.0005740060983350113
0.0005741237796475359
0.0005717355159182404
0.0005716844788988765
0.0005710602454382632
0.0005717987935069966
0.0005718322183169613
0.0005725944210809496
0.0005715959152713929
0.0005707121165490486
0.0005699387240343236
0.0005706370136129448
0.0005721681740228577
0.0005720638452991118
0.0005709046128833892
0.0005712181619514502
0.0005719260981844144
0.0005728208604558225
0.0005736433979578298
0.0005744932779452133
0.0005747338473884656
0.0005739703989494168
0.0005740322298827159
0.0005715757074143132
0.0005706307772291236
0.0005702001211610634
0.0005683389003002538
0.0005683967978603534
0.0005697769938750844
0.0005698698238035559
0.0005699069541777849
0.0005702077399744679
0.000570773208839192
0.0005700962754122168
0.0005715561128824702
0.0005712122348872462
0.0005713503082499586
0.0005721435190795045
0.0005709298064250438
0.0005714365633029757
0.000570475938639868
0.0005701327880592738
0.0005702398469410168
0.0005686615045368227
0.0005696263677988399
0.0005678154552254579
0.000566156974635381
0.0005656238961333036
0.0005653976093435395
0.0005647659655233711
0.0005650847125650138
0.0005645631855661906
0.0005644099526187697
0.0005640485283950419
0.0005624865697667974
0.0005642142858767511
0.0005638183413076114
0.0005637334644105228
0.0005633060620591017
0.0005625679369509377
0.0005636196257055845
0.000564570474745789
0.0005649966983825467
0.000564244276318996
0.0005638791385562877
0.0005637098207937583
0.0005636206706576424
0.0005638902434767596
0.0005653491072655914
0.0005640097526273508
0.0005636701423848756
0.0005636360619188165
0.00056227681019142
0.0005606217729691718
0.0005616880842355599
0.0005616965583961666
0.000560969335880279
0.0005614211238899139
0.0005616703612887127
0.000561771228914718
0.0005626031612601895
0.0005616682719893394
0.0005636617035748685
0.0005633610941532389
0.0005621203964404698
0.0005614204469088296
0.0005621328065968844
0.0005637565598732938
0.0005628993441909916
0.000563371816371933
0.0005636439061000351
0.0005628164446462399
0.0005634584324942585
0.000563289147977917
0.0005640665475987026
0.0005643865165442541
0.0005640557559076224
0.0005624271307977609
0.0005623688232092388
0.0005617478641216956
0.0005609794995627992
0.0005593421657149626
0.0005595588659354491
0.0005599782635811759
0.00056041849925708
0.0005598874591130224
0.000560350836641257
0.0005614323634396727
0.0005606289234567734
0.0005603109631547953
0.0005604930117501791
0.0005602805046582204
0.0005606406250755329
0.0005597270365254011
0.0005606327111070415
0.0005605922993699501
0.0005598054549727575
0.0005584909379217829
0.0005578571906264187
0.0005583005322140733
0.0005589359392881468
0.0005589296508611578
0.0005591580920151951
0.0005607557379211247
0.0005607143094639832
0.0005614439252343249
0.0005603694189166995
0.0005612565717102831
0.0005620610930742242
0.0005623639475028748
0.0005616243866417268
0.0005618139345924827
0.0005610518166811279
0.0005625694393450532
0.000561169080476493
0.0005614355646675171
0.0005607085042555788
0.0005596646102965946
0.0005599783489041585
0.0005621710443892137
0.0005628757631487054
0.0005621666864466141
0.0005609636328836111
0.000560698394981589
0.0005614807360963484
0.000561435803654891
0.0005619611480668395
0.0005613121137091066
0.0005593818140698644
0.0005610828379991608
0.0005608193319409533
0.0005608502908178227
0.0005609924961161029
0.0005604872473165753
0.000560627357203896
0.0005605765928447104
0.0005611190595364228
0.0005616611481100506
0.0005609448391538299
0.0005604403070890145
0.0005596340378446932
0.0005602245016860208
0.0005611411868823315
0.0005606592587069216
0.0005606744921009154
0.0005604743110768784
0.0005591972827771297
0.000559515685974184
0.0005613153127578623
0.0005617017389407407
0.0005624080238285997
0.0005608978747130936
0.0005614197202226963
0.0005628356540290393
0.0005633943619509562
0.0005641904379727407
0.0005648490082110868
0.000564616216918068
0.0005654163933017423
0.0005649807067082975
0.0005641713021304463
0.0005639860245673954
0.0005632824556677623
0.000563686360367102
0.0005641212550553688
0.0005631841729635801
0.000564975398736859
0.0005666220621665706
0.0005664289224476786
0.0005664031617379349
0.0005645238150407534
0.0005639436236766468
0.0005641958558766104
0.0005653933591765687
0.0005664070338799766
0.0005671605852981247
0.0005664494997072316
0.0005663247567728045
0.0005658816559681479
0.000565112898682338
0.0005646874119135874
0.0005647230191252029
0.0005651946938968676
0.0005662315072909892
0.0005652274469025017
0.0005646256036729423
0.0005656111523503242
0.0005647555629756728
0.0005646758381139224
0.0005643239533319412
0.0005645473497816448
0.0005631610713419315
0.0005624516072729912
0.0005631043981226928
0.000563328371771269
0.0005634366083372185
0.00056392696433261
0.00056437088298097
0.0005637461990777425
0.0005648369501559823
0.0005649707028675215
0.0005624275770048982
0.0005624737990783812
0.0005633442498868198
0.0005632886525046538
0.0005635339902957633
0.0005636132983492285
0.0005646599376366252
0.0005646095399493758
0.0005649692425200528
0.0005648344030078339
0.0005657850674667552
0.0005668283795987604
0.0005677225921165768
0.0005678137090328613
0.0005688471287115214
0.0005690432596915778
0.0005695866866713297
0.000568322704796442
0.0005664874715901763
0.0005670470868550069
0.0005667330152247468
0.000566776431564465
0.0005674963861216255
0.0005703561321396262
0.0005716864746137897
0.0005716825095293533
0.0005705863465647763
0.000570409013295645
0.0005705533746069145
0.0005711678738671721
0.0005705931577276314
0.0005721387149524698
0.0005722962584381627
0.0005716994394469791
0.0005718592125416765
0.0005717643224153673
0.0005704163155065187
0.0005702890557126458
0.0005698834000771473
0.0005697287576745107
0.0005698924544215365
0.0005706892259270108
0.000571588387468287
0.0005720667903304842
0.0005724830361836756
0.0005719027695493544
0.0005734401323191207
0.0005732897826017177
0.000573196359895309
0.0005724237673798202
0.0005727402010868699
0.000574109026813893
0.0005739746278950573
0.0005750691427583104
0.0005748308182332824
0.0005747764631473477
0.0005751434906169976
0.0005751225860649471
0.0005745563738760595
0.000574263297115046
0.0005741053407828766
0.0005752998853806446
0.0005753709707704017
0.0005749947915317449
0.0005728106974260888
0.000573717398402019
0.0005728652240723781
0.0005740363956192867
0.000573263558806109
0.0005722265730413612
0.0005716769197586807
0.0005705940595102795
0.0005703205750686523
0.0005699576056911218
0.0005716355567799728
0.0005734799553583587
0.0005740030089245923
0.0005726921500712718
0.0005722106435429631
0.000569851188704927
0.0005680659285940853
0.0005688539433238906
0.0005699467150551989
0.0005685483283051504
0.0005681435074789399
0.0005695730205489311
0.0005710202253305092
0.0005711421693553447
0.0005707224598651337
0.0005715333593719994
0.0005705771426053211
0.0005710369198084943
0.0005697554845967301
0.0005695102646526341
0.0005683740230809797
0.0005706225470777317
0.0005706778721886804
0.0005710902138052983
0.0005707648533374542
0.0005709700206076857
0.0005720266992675122
0.0005706052391708668
0.0005711941671771899
0.0005699980717679174
0.0005691504918878872
0.0005698316031563803
0.0005692664699011547
0.000569618896789878
0.0005681084998791129
0.0005682258084836894
0.0005671545901678621
0.0005678417445107458
0.0005670756524062463
0.0005659028503415158
0.0005669204340949472
0.0005664610439580328
0.0005659358428361259
0.00056476302983191
0.0005637922800893265
0.0005649488093773535
0.0005644238867851372
0.0005635901984636663
0.0005627119201625955
0.0005627472752458664
0.0005633050695537218
0.000562241452818272
0.0005611001759246452
0.0005599861486207721
0.0005593018614144305
0.0005593370514008978
0.0005570178441861209
0.0005557387820954311
0.000555620521245407
0.0005550036104031379
0.000556066531760094
0.0005541954455686351
0.0005526935478009723
0.0005527148627332901
0.0005530845157562854
0.0005528740903273618
0.0005522451513745014
0.0005523405921906445
0.0005516943496558143
0.0005523669955179791
0.000550625223150657
0.000551564774792899
0.0005509823268526163
0.0005510996594948951
0.000550514842945644
0.0005490805370289753
0.0005491333409576779
0.0005486681098196769
0.0005481758916868012
0.0005485755283599472
0.000548499954997322
0.0005489440804137106
0.0005481615438299207
0.0005486908059031887
0.00054872210511035
0.0005488945436264218
0.0005475402655597819
0.0005486842257567392
0.0005491126877608019
0.0005485335430816304
0.0005492539535564441
0.0005485458021390957
0.0005490928705497657
0.0005479886905761129
0.0005481412618759608
0.0005482023585077456
0.0005472663730265539
0.0005470055826579053
0.000547706686686102
0.0005466283560138854
0.0005465837686349325
0.0005461797911218178
0.0005463244238670019
0.0005454718949892241
0.000546564663404686
0.0005458169664801338
0.0005472706157613351
0.0005461768503902644
0.0005465965618579171
0.0005473891807633189
0.0005456096999449725
0.0005467235050222525
0.000546779310019703
0.0005458684743682181
0.0005467750693403277
0.0005479352195521336
0.0005472621427996864
0.0005466984903255586
0.0005474472588519863
0.000548117871811504
0.0005470440372381565
0.0005457643494747765
0.0005451889799920171
0.0005441272583906002
0.0005430598405239051
0.0005423646973467735
0.0005431130657357758
0.0005434934543284026
0.0005451396231983788
0.0005459365893626245
0.0005459824144222866
0.0005450473413522985
0.0005453822627598225
0.0005444777664724329
0.0005444095027050429
0.000544295308273666
0.0005444172245209931
0.0005447947693017407
0.0005442612835599859
0.0005441871976972414
0.0005442931194214317
0.0005439272666853217
0.000543588482397036
0.0005432678599765136
0.0005416678401770341
0.0005428397431038649
0.0005430121274261969
0.0005419965457336554
0.0005403625939484959
0.0005413961958044834
0.0005399852661785594
0.0005408289060357484
0.000540737567578402
0.0005406515076944566
0.0005390058728220659
0.0005380850206351284
0.0005384974640679287
0.0005382967829411301
0.0005380685071308391
0.0005367326388375809
0.000536006170189278
0.0005365435980618575
0.0005362669624232281
0.0005366781093340847
0.0005356919102018799
0.0005354530787781187
0.0005357620741644142
0.0005359265153695011
0.0005358276530118111
0.0005356014101539767
0.0005356538149262815
0.0005354339810855011
0.0005336713261669788
0.0005351024582861553
0.0005345429989025284
0.0005361285025237732
0.0005354988939977491
0.0005354662924821098
0.0005347519976852769
0.0005348986931478834
0.0005355136939298342
0.0005340318380829761
0.0005328718778607407
0.0005336340972993339
0.0005330355820121604
0.0005328963519213213
0.0005338270012295714
0.0005334522680508418
0.0005322471638486702
0.0005327424910072737
0.0005318011991790254
0.0005328034711741734
0.0005332347725327064
0.0005338184568881147
0.0005335486279126718
0.0005332129834504105
0.0005334309523531913
0.0005347956898233525
0.0005329637061068452
0.0005319404288701646
0.0005306646157307499
0.0005288842317454377
0.0005273292295658381
0.0005270162631318937
0.0005275383733807476
0.0005272332353856285
0.0005268813172584412
0.0005272029553326086
0.0005277571921434028
0.0005277574639575784
0.0005280185103367373
0.0005276695818704136
0.0005270679201293794
0.0005265282276493802
0.000525377960523057
0.0005252803110507624
0.0005251407357652866
0.0005238114386948575
0.0005233456199621438
0.0005236942153022799
0.00052252325629214
0.0005227993525186721
0.0005225065986327263
0.0005214710927557125
0.0005223538540677685
0.0005235547920975542
0.0005253484511643165
0.0005253017566941564
0.0005264283332109561
0.0005245412989328292
0.0005240129687781896
0.0005227552695928182
0.0005227297340529944
0.0005214628879828395
0.0005192171442007681
0.0005185490841973268
0.000517294472132519
0.0005176842833003031
0.0005173697523806114
0.0005156840874796535
0.0005163535642703395
0.0005177310331063045
0.0005157782716411264
0.0005156561329773222
0.0005169744067055791
0.0005162620765731406
0.0005159877107903579
0.0005163359619480697
0.0005169288201480515
0.0005174577713420654
0.0005172851630088856
0.0005170797255955753
0.0005154219252252974
0.000515382023334301
0.0005151562927640436
0.0005158018224071173
0.0005154147972217796
0.0005130843614140071
0.0005128633947709708
0.0005142379997057889
0.0005143277433706492
0.0005133044585474784
0.0005126090725513565
0.0005112727674714159
0.0005113466502475186
0.000510287158352829
0.0005118459939152728
0.0005089372593449744
0.0005099075041703137
0.0005095252644578066
0.0005082422163537167
0.0005087865459114479
0.0005088295063081399
0.000509958134831725
0.0005092129084222196
0.00050975182364159
0.0005093718865557066
0.0005066723168417271
0.0005062460938671851
0.000507294475607576
0.0005068861496144273
0.0005075195089305867
0.0005060716620815635
0.0005051079690820401
0.0005037830100049008
0.0005035232045346856
0.0005027801259097945
0.0005019145754103589
0.0005013188775915479
0.0005020177591525967
0.000502460777577131
0.00050217718258787
0.0005022730466238385
0.0005019984795746157
0.0005016821897709273
0.0005003153074350144
0.0004987041708700275
0.000499685648433286
0.0005009598312593245
0.0005009160888683448
0.0005019233384955731
0.0005022168004215809
0.0005015175331541883
0.0005014451804121159
0.0005021093894132051
0.0005021844526974246
0.0005018045770694907
0.0005010089903151458
0.0005018993276649749
0.0005010160792689062
0.0005001214718242425
0.000500308959182191
0.0004998886650679748
0.0004996490846115024
0.000500445414458817
0.0005030480801965967
0.000502671980718733
0.0005010239617632974
0.0005000918874234768
0.0005004113995946569
0.0004993104006486017
0.0004991221719032095
0.0004988569009443932
0.0004987191828295301
0.0004980576596894386
0.0004983598895365563
0.0004982304660542786
0.0004992422297342288
0.0004992835877498706
0.0004989498587809593
0.000498248442521177
0.0004983917814292248
0.0004988643646198124
0.000500323190212694
0.0005025320475068449
0.0005019574872106787
0.0005034337859417311
0.000502461145414925
0.0005010919573099449
0.0005015049437863012
0.0005010408078720794
0.0005002479545239449
0.0004989877632085944
0.0004994860518359783
0.0004993674430957701
0.0004997106465660914
0.0004983238474880997
0.0004991446287562381
0.0005005553760763529
0.0005013464884636636
0.0005004987467506614
0.0005010142494116411
0.000501371941325626
0.0005014089429705598
0.0005016091104575808
0.0005029504989378629
0.0005040126284310053
0.000503723381153112
0.0005034590269400587
0.0005022073665006233
0.0005011206936441669
0.0005006133951881976
0.000500218375676851
0.0005000092050275221
0.0005011734589687822
0.0005009436301075317
0.0005019434357907958
0.0005020624049526583
0.0005020866725568638
0.0005006840945179377
0.0005009600291344303
0.0005002991640233457
0.0004999950430690549
0.0005002298801622117
0.0005009864464467839
0.0005005667982387983
0.0005012785971423912
0.0005007461330653165
0.000501197195214698
0.0005000072501152216
0.0005002708540110169
0.0005005953127854678
0.0004993881130859404
0.0004982094658577863
0.0004983346890037223
0.0004998968280934522
0.000498836472984816
0.0004992224214357576
0.0004996695997369125
0.0005007570273134292
0.0005014264929926064
0.0005024398412326862
0.000501698030329467
0.0005008172451825535
0.0005003069884259763
0.0005025261267269148
0.0005041083219559048
0.0005020568660087264
0.0005030972511402043
0.000503554597890768
0.0005030012011065635
0.0005033077179163053
0.0005021723450807112
0.0005010315964108506
0.0005016112133427069
0.000501746952075048
0.0005010943249865311
0.0005011338156118518
0.0005009547690808413
0.0005024209368354615
0.0005038017379992779
0.0005044796439063021
0.0005038541363425319
0.0005042469033675659
0.0005043540715749412
0.0005035253946660826
0.0005052870229760682
0.0005060520335650277
0.0005061565715829409
0.000504999171458437
0.0005055837248554766
0.0005044940724348295
0.0005042404777550366
0.0005028215287691989
0.000503079190211999
0.0005034111744546913
0.0005027215404696158
0.0005031927917322688
0.0005017758866439952
0.0005012940173839898
0.0005008318705686075
0.0005004495575661391
0.000499253303540628
0.0005002115339614556
0.00049977257002486
0.000498659150735439
0.0004971254980932375
0.0004975340622580918
0.000499645954685147
0.000500157946379471
0.0004996197297344636
0.0004991298037136535
0.000498753650737221
0.000498823272544402
0.0004993005726779694
0.0004994957313349952
0.0005008794600836322
0.0005009482317377285
0.0005003314707666684
0.0004998887495577878
0.0004995706430270874
0.0004984567529797029
0.0004979629660882122
0.0004983507633673358
0.0004954540326507635
0.0004944581930381595
0.0004960299785484065
0.0004957490244342093
0.0004969873709694582
0.0004961849401993984
0.0004962551866062689
0.0004970850473900204
0.0004962210506197535
0.0004972294764890129
0.0004962690814564663
0.0004962131215484582
0.0004975354741578596
0.0004976133774026369
0.0004973370859233989
0.0004981173923474987
0.00049812487170841
0.0004981123249728189
0.0004978192727303119
0.0004980545722748264
0.0004983607078441569
0.0004984995241884057
0.0004983944509464698
0.0004980639727288423
0.000496936921158516
0.0004962353169162655
0.0004958128576107839
0.0004954988970732744
0.0004955057475942758
0.0004958200228221166
0.0004961606799769269
0.0004944650415996491
0.0004940797629114701
0.0004945035145526741
0.0004949349130027287
0.0004940053297425419
0.0004946812613361842
0.0004951767762364903
0.0004944415744309768
0.0004943573969382005
0.0004934449277111411
0.0004925597293052292
0.0004925524863827189
0.0004923926430417068
0.0004931710538728392
0.0004923423419191161
0.0004925492146429082
0.0004928209192017069
0.0004920375219475632
0.0004917977431133539
0.0004928271963009016
0.0004924095250790236
0.0004930250674613572
0.0004928917521367316
0.0004907072068997598
0.000490808152417686
0.0004914552028172038
0.0004937790192118289
0.000493738850153348
0.0004940288070340176
0.0004942961008787548
0.0004938282386310164
0.0004940868111320286
0.0004970829737131268
0.0004958640098504747
0.0004965264940992761
0.0004956279835110852
0.000496027700191489
0.0004956620071050452
0.0004951018008319281
0.0004957623015253005
0.0004966524278425682
0.0004967591125232208
0.0004970331242348466
0.0004977550428784022
0.0004986459425344017
0.0004986631309798499
0.0004980855079176685
0.0004963522599884514
0.0004957134041181235
0.0004959642254708442
0.0004961119755304257
0.0004974212627628792
0.0004981001736314755
0.0004970772198157743
0.0004964682317275934
0.0004960375444603735
0.0004966349391974886
0.0004958704685760392
0.0004960178074148245
0.0004965388447931443
0.0004987366952767563
0.0004980535939751031
0.0004963359396355124
0.0004953473559556236
0.0004962483813628548
0.0004967812080218605
0.000497217232873862
0.0004977373603212238
0.0004992665531824926
0.0004976087179891621
0.0004976522608398915
0.0004972011832196663
0.000497973833242126
0.0004977904282843243
0.0004966812041287602
0.0004949861485600606
0.0004956634192963661
0.0004956273581587795
0.0004954017814394044
0.0004956817987033591
0.0004976019670381299
0.0004967780400091476
0.0004961569754423067
0.0004977072766194284
0.0004990510273530402
0.0004989700620537866
0.0004982237011301637
0.0004967757391780864
0.000496820410799671
0.0004965949641251744
0.0004961884996153584
0.0004950995835410198
0.0004953523725867879
0.0004966768310159392
0.000496805943631476
0.000496639970148742
0.0004960969365833361
0.000496493160807536
0.0004965100982129266
0.0004978560904655611
0.0004983871039737795
0.000498307604563529
0.0004976556119852571
0.000497757554911345
0.0004971169426949961
0.0004971997611092556
0.0004969310329614805
0.0004961387453426382
0.0004964700302883436
0.0004977519267167962
0.0004977031532877117
0.000497433138098394
0.0004991913062964758
0.0004981642344386951
0.0004968453670772715
0.0004959074461999782
0.0004944395180513359
0.0004960345242690552
0.000496135544375619
0.0004962264019414738
0.0004955297724157463
0.000495706588158993
0.0004967222718918131
0.0004972494500931522
0.000496744127623194
0.0004959308639880142
0.0004949911933161079
0.0004948740822073794
0.0004946972606745695
0.0004933580334460672
0.0004928596427646982
0.0004930902898136398
0.0004943079627114669
0.000494808985845837
0.0004952937644719959
0.0004945393258777771
0.0004955171370168184
0.0004954952726332468
0.0004958633064769238
0.0004960651434708685
0.0004953409093616856
0.0004957149121283132
0.0004960427127988616
0.0004962057075472342
0.000495892885420301
0.0004967616632541169
0.0004963420730854803
0.000496462267433721
0.0004965370140838043
0.0004961289312051846
0.0004964030726108228
0.000497076457198469
0.000498355352378723
0.0004984743556731151
0.0004997254993302524
0.0004997066315273742
0.0004988395006629294
0.0004994493040788871
0.0005002171958944816
0.0005003377760238458
0.0005002958062825997
0.0005009732383431091
0.0005021042238077757
0.0005033445891246949
0.000501903663306726
0.0005038133569455572
0.0005036064311192957
0.0005024515619754542
0.0005022857899017506
0.0005029307279954341
0.0005043036607346781
0.0005046653316571975
0.0005037771062330515
0.0005017706420532232
0.0005023791198987801
0.0005029124797359886
0.0005017307847594039
0.0005024231531045817
0.0005026738238471982
0.0005025259287172938
0.0005023991178982189
0.0005034899141218572
0.0005034172568023654
0.0005045053201195663
0.0005035267953540415
0.0005029222012872863
0.0005019167420594515
0.0005025234736204697
0.0005029269527852562
0.0005036900235495109
0.0005040339001488048
0.0005034584197274567
0.0005031431352609917
0.0005038886863438272
0.0005037716762802615
0.0005045857876703687
0.0005037375948191147
0.000504805784985322
0.0005056910868196243
0.0005060349555250122
0.0005063270698721167
0.0005081939071885818
0.0005063323960139915
0.0005057040858772624
0.0005046536745184024
0.0005040452176752278
0.0005027436976400716
0.0004999920267946183
0.0005002959159393577
0.0005007242069648207
0.000500665516575976
0.0005011504088876623
0.0005012535245977869
0.0005017444935659758
0.0005022759780961721
0.0005022843064886515
0.0005018258583829958
0.0004990353061531708
0.0005007360469562673
0.0005009137717585145
0.0005008757598793861
0.0004993088902243108
0.0004975186568994124
0.0004976141446364495
0.0004972866016879432
0.0004961379695167742
0.0004959699491114998
0.0004961155068266536
0.0004957211832414485
0.0004951529831028873
0.0004947978181225419
0.0004939146272180593
0.0004932479074257504
0.0004939739797813803
0.0004938655003901326
0.0004944171456184166
0.0004942417015476301
0.0004942108056931221
0.0004938820231531434
0.0004951082248163518
0.0004955434525466475
0.0004942424098498926
0.0004940899792872116
0.000492272931459031
0.0004909654437399894
0.0004899142456593041
0.0004904003619016661
0.0004912753813026221
0.0004896058438565677
0.0004892895665883997
0.000488201421347807
0.0004888451873889064
0.0004902531117624784
0.0004906450093975534
0.0004908684597458591
0.0004905705461837934
0.0004904127287197978
0.0004895214736430331
0.0004887034689679366
0.0004903282407881885
0.0004914317602030267
0.000492213879243504
0.0004920564569320492
0.0004902349956431795
0.0004902332945859993
0.0004898319685972291
0.0004902408749615397
0.0004906387175827717
0.0004906625086712653
0.0004909857381940677
0.0004890359876588924
0.0004885031650879712
0.0004901973398089772
0.0004907923379497082
0.0004913407501463355
0.0004919811423073138
0.0004912796911987504
0.0004908391254881845
0.0004927026953327135
0.0004930787211740079
0.0004928174567785656
0.0004923668987178466
0.0004924155343310066
0.0004922305736622483
0.000490946891424003
0.000491145231924885
0.0004901112632325879
0.0004901998306455276
0.0004886829222835202
0.00048752912797454996
0.0004878286858882383
0.00048753474930610623
0.00048631182163153084
0.00048615930762809477
0.0004837802910659477
0.00048210850742453655
0.0004825814939705366
0.0004827100382555432
0.0004829189506660891
0.0004824914233610511
0.0004814638279993232
0.00048224819385498736
0.0004840767226047701
0.0004822352548269069
0.000481981984018694
0.0004815986473537369
0.0004812297099182304
0.00048217624811188457
0.0004820659047509228
0.0004829601311904218
0.0004822122294181498
0.00048089718339874534
0.00048098831609726805
0.0004807487909928871
0.00048260747437462245
0.00048375066681528416
0.00048322638558833173
0.0004807435860112831
0.0004808248849696538
0.00048329235475616213
0.00048507025112000363
0.0004866018521859072
0.0004852220006836648
0.00048457729537276057
0.0004840558190263876
0.0004859456307667318
0.0004873484501470635
0.0004876527455948249
0.0004877525572444799
0.0004885272733973977
0.0004887079072364599
0.0004904310433602038
0.0004895400123583541
0.0004903522582911143
0.0004904693415952614
0.0004890891252449187
0.0004884536062477516
0.0004893718289050435
0.0004880896707670632
0.000489373254621459
0.0004882135780078173
0.000488674440540016
0.0004887040934806227
0.00048672780090677645
0.00048738014477145116
0.0004858886639798205
0.0004851392851896328
0.0004865861531656992
0.0004897438566621021
0.0004890981525052874
0.0004885351107356015
0.00048787619134885255
0.0004878554041506245
0.00048652045719479916
0.0004865784212700598
0.00048686413677916915
0.0004856449338935757
0.0004851203208812299
0.0004852020638557586
0.00048540409768811757
0.0004861989164963049
0.0004861879459619807
0.00048513696833744907
0.0004871216626504344
0.0004870750370528826
0.0004873377178545613
0.00048809027465890136
0.0004898314818697314
0.0004885656425764772
0.00048686198108541213
0.000485035676472658
0.0004855386497768325
0.0004847467434407122
0.0004839438826595389
0.0004862034192601954
0.00048765162402215315
0.00048675157708258994
0.00048742966913447016
0.0004875541485877268
0.00048679740829802356
0.000487146047468777
0.00048816721480477734
0.00048752142982951463
0.0004859924907461692
0.00048703039063158356
0.0004879613516456406
0.0004883134183159374
0.0004874149340822127
0.00048776974748586345
0.00048757288984075455
0.0004873343981388107
0.0004865160070780351
0.00048789323463949787
0.0004869164267577235
0.00048754736935124345
0.0004883209039816114
0.00048824796027249144
0.0004875631016514892
0.0004875236361989788
0.0004883896677568416
0.00048805598943017846
0.00048685639578155914
0.0004881309850366942
0.0004893385815456654
0.0004895782424820449
0.0004895368838241743
0.0004886940847111304
0.0004889837696892919
0.0004895096134781944
0.0004916970569367844
0.0004909076850446539
0.0004907693792056111
0.000490135449856638
0.0004887458378433397
0.00048798876053988635
0.0004877215231034064
0.00048746162502700646
0.0004872789515218923
0.00048596503700873157
0.0004852014393343738
0.00048593836587757536
0.0004872736625847947
0.00048802696733574657
0.00048768251044916256
0.000488325451533094
0.000488416209002685
0.0004870939895210327
0.000486289917767132
0.00048712515303635066
0.0004881337699412648
0.0004867787931544889
0.00048623020061869856
0.0004864906786056758
0.0004846133868970863
0.00048374407206060833
0.0004864223308599311
0.0004860330784060285
0.00048553169296829677
0.000487221706095208
0.0004873910266986699
0.00048731566190949693
0.000488952149497847
0.00048738086027663713
0.0004883405124039904
0.0004882446042762222
0.00048785825714174396
0.0004877906999432553
0.00048758096474320627
0.0004871466543720859
0.0004885968002382758
0.0004872507647231192
0.0004866439392836232
0.00048553447453549855
0.0004854128976153934
0.00048621212950172843
0.0004862636109814617
0.00048527948811737993
0.0004856550169052928
0.0004860104416411293
0.0004833760560034943
0.0004842283943180263
0.0004836411991659412
0.0004832737588840769
0.0004829219227571849
0.000483841176497584
0.0004804779577325962
0.0004807689477716051
0.0004798672070308666
0.00048221977227164874
0.0004812368861584896
0.0004802302853295191
0.0004789494324880228
0.0004788630234019691
0.00047764026293105365
0.0004775734973083729
0.00047842614818227884
0.00047664766214720286
0.0004775888114988053
0.00047729374482542806
0.00047581230975845136
0.000474319157467215
0.0004761032959880069
0.000476569187577391
0.0004785535991304664
0.000479800280879252
0.0004796731625916394
0.00047923800182411496
0.00047945807184050576
0.0004782927987119465
0.0004777342692065362
0.000476531266280034
0.00047512410767410124
0.00047333963409490134
0.0004733970394869861
0.00047430626816007316
0.0004734562566168757
0.0004740194202596412
0.0004741044477188113
0.00047264791593997564
0.00047226545156361287
0.00047225005687811833
0.00047277742090965806
0.0004734941048623194
0.00047349502167680493
0.00047464162789845137
0.0004750044011727659
0.0004758907583500832
0.0004743454328620652
0.00047392834308190065
0.00047334155145903513
0.00047429231126256387
0.0004748264241605451
0.0004755307093368292
0.00047577443934971567
0.0004762573612929123
0.0004776413459976349
0.00047648213719334064
0.00047649038420460117
0.00047593069938849894
0.0004759222747303319
0.000477339874866951
0.00047716282375729344
0.0004764367440954129
0.00047721054150300313
0.0004788796000171144
0.0004806028308873474
0.0004812829761425966
0.0004835995705955884
0.00048571716779694673
0.0004851353580860156
0.0004840071820540472
0.0004851397836273593
0.00048552849423557574
0.0004875775623930594
0.00048695761377193475
0.000486432722502786
0.0004861765619135376
0.0004861693601334338
0.00048680427331822246
0.0004879132805470732
0.0004852369939021545
0.0004852049959772597
0.00048589999114001954
0.00048357716766014847
0.0004819369860046438
0.0004812985462623254
0.00048330980276729894
0.0004850568180845207
0.00048526130093028564
0.00048432038219727974
0.0004847998543534797
0.00048329884547951014
0.00048426992686625346
0.0004833454242220296
0.00048330594499299353
0.00048222799324771466
0.0004817763420739287
0.0004820532454096152
0.00048074090123583635
0.00048070533538054815
0.00047977084539366704
0.00047961051567608327
0.00048137504387473943
0.0004818023868861135
0.0004813900183805066
0.00048018393075678335
0.0004801554097397673
0.0004801112577662135
0.0004804992569815118
0.00048033277157131935
0.000480202039781342
0.00047931485088343283
0.0004784630536167512
0.0004766737695382697
0.0004777511038428085
0.00047802332211983645
0.0004792143294285193
0.0004796545375780912
0.0004783551992117283
0.00047848664481045674
0.0004783666651759035
0.0004778824543331533
0.0004760536076065189
0.00047624470715664386
0.00047662491530241755
0.00047831122532034656
0.000479477293528188
0.000478102483130651
0.0004790198051232044
0.0004785840993935175
0.0004779769331166124
0.00047707790095410615
0.0004769518086055234
0.00047850977203649166
0.00047748103681759913
0.0004765276589563144
0.00047566995666354793
0.0004752548125503113
0.0004762156493262753
0.00047470162235566246
0.0004747316771484045
0.00047250955373413263
0.00047192024782704824
0.0004710062607016531
0.000470082914315095
0.0004704940919973256
0.00047034663811561695
0.0004691365176884729
0.00046714966734093824
0.00046734361968826506
0.0004665561213622702
0.00046779642450192794
0.00046771258622028023
0.00046771721878985085
0.0004660584190856599
0.00046697381587505873
0.0004667458511094636
0.00046690236223861687
0.0004692523200226582
0.0004703609226203646
0.0004695243661696808
0.0004714292593868141
0.0004704899999055154
0.0004704856252268926
0.00046991203211504495
0.0004725587685622451
0.0004714602314432061
0.00047296949374120824
0.0004739752797758714
0.00047504866307283134
0.000475491468679761
0.000477472255713803
0.0004765940630810288
0.00047454489880785586
0.0004743055612950699
0.0004748658276182886
0.0004744815662484062
0.00047460175970233447
0.00047434821026097994
0.00047607204570401714
0.00047445498850348856
0.0004732591126967089
0.0004747986592352783
0.00047507845597810356
0.0004763513434143884
0.00047663851623544885
0.00047609462235993495
0.00047719181566292134
0.00047577914760532885
0.0004751899165181146
0.00047430183197162175
0.00047425443155619255
0.00047442837814900386
0.0004754366995953384
0.00047438056764223134
0.0004750919384189683
0.00047522953772320513
0.0004756441333159095
0.00047480237258900216
0.0004721499380171362
0.00047376949706794705
0.0004752356560270154
0.00047522997157545835
0.00047464197404557975
0.0004756370667466671
0.00047383806961904173
0.0004740236414415196
0.00047482954387850323
0.00047080723698703894
0.00047184451604429466
0.0004723922449264607
0.0004719096040446911
0.0004724940621956088
0.00047401005795795394
0.0004741270172310469
0.00047417987051715546
0.00047443584276229755
0.00047527934552817785
0.0004757969869234696
0.00047543571128113655
0.000474136696014473
0.00047386160571612673
0.0004746428230684789
0.00047545262585525766
0.0004756194469006334
0.0004760839161623436
0.0004771029852541466
0.0004764800907921805
0.00047623720810046895
0.0004742429379050616
0.000476079974685995
0.00047604604857532176
0.00047531173439713687
0.00047531537306750107
0.00047505373095968733
0.0004759169587900157
0.00047456331968641943
0.00047385667071089723
0.00047479025966572463
0.00047491790017732964
0.00047607960532717317
0.00047600976721029025
0.0004739835586211258
0.0004751832256334243
0.0004756677744834974
0.00047647466702480193
0.00047561253115409465
0.00047633091948174494
0.0004782356645610871
0.00048029265141857213
0.0004792783563717888
0.00047878293737320203
0.00047870643465966484
0.0004792544277706458
0.00047825135382970486
0.0004799583278181473
0.0004789821047872429
0.0004800779152163788
0.00047818805409892374
0.00047711552671555443
0.0004759911937672094
0.00047453295836266115
0.0004742140571608634
0.00047622901889253115
0.0004760106620207551
0.00047687070907397364
0.0004743777001431097
0.0004713999016565449
0.0004723687459388649
0.00047348936117901644
0.00047183947666662955
0.0004721669584533279
0.000471390423400766
0.0004723050699904426
0.0004729676675965375
0.00047659518488033767
0.00047373484490997804
0.0004726167512289506
0.00047323437862625383
0.0004724298117481741
0.000472474615810382
0.0004748369787355556
0.00047460275752819026
0.0004732937305295783
0.00047480189150660867
0.00047642933041213727
0.00047819662166864426
0.0004782731313002869
0.0004768251595962808
0.00047792162494488026
0.0004777545473422254
0.00047726299257019194
0.00047694432373500384
0.00047624636185752267
0.00047602537106368036
0.00047531134861844484
0.00047329246880220105
0.0004740300605508359
0.00047207080009708407
0.00047245721275856946
0.00047216657254519283
0.0004711887126667015
0.0004693386569782757
0.0004679538539018222
0.00047015818840250836
0.0004702152653737692
0.00047066976926617875
0.000469358313815175
0.00047020004446098664
0.0004721200583906043
0.0004720328139328745
0.0004726545632742556
0.0004729964761787203
0.000471889651050594
0.00046873435079304034
0.00046855129059228775
0.0004685545224524495
0.0004702867783508436
0.0004701507796676905
0.00047167190194888695
0.0004717076402518411
0.0004709404107138218
0.000469716598498604
0.0004699757305630519
0.0004702162276700899
0.0004694774452719998
0.00046770532055399297
0.00046548710405322903
0.0004643429290833504
0.00046460925122892503
0.0004642447649041169
0.00046234134413898604
0.00046455467501970343
0.00046667926238040105
0.00046663509317545934
0.00046848727705351594
0.00046710390199660974
0.00046849920633293787
0.0004685560238781091
0.0004702802633872425
0.0004724851105786424
0.00047093232869222786
0.0004710168462177789
0.00046925157011988415
0.00046763408623885967
0.00046734426151211363
0.0004679820068538882
0.00047013253288460705
0.0004710362272653975
0.00047233597178039167
0.00047206808437236437
0.00047081255811425515
0.0004707944058164663
0.0004714847790584389
0.000472702694045992
0.00047046490199499803
0.00047213962974291553
0.0004687677507087727
0.00046802710259419565
0.00046703005787355735
0.00046514028595259803
0.00046334120173007994
0.0004637394442114753
0.0004631256906391421
0.00046262181617296767
0.000465322241492411
0.00046476744947053023
0.0004638183820840045
0.00046250280007770775
0.00046471192469050025
0.0004659876242503139
0.00046655080144726173
0.00046722305099876316
0.0004709366317049606
0.00047153995474413216
0.00047130955995024437
0.000468643194776174
0.0004689422957021979
0.0004686549121590457
0.00046695251596490424
0.00046676654595426647
0.00046518615977288077
0.00046496521987079184
0.0004681190330240621
0.00046985774746534945
0.0004688801403671036
0.00046744047763875955
0.00046733971073486467
0.0004680191877251434
0.0004679400937450471
0.00046899342218279655
0.00046822808041741026
0.0004686639540857591
0.0004677139970423717
0.0004672502148604015
0.0004675973429940648
0.00046740042240263016
0.00046563068846247797
0.00046547153228459435
0.00046746713230310814
0.00046862388478662904
0.000468926320871766
0.0004679616174800682
0.0004680069578939625
0.0004698252313331935
0.0004708469999757604
0.0004713367767035952
0.0004747641553497059
0.0004731699949392565
0.00047309420118882826
0.00047244430032103684
0.00047283919761572805
0.0004713627461664232
0.00047180641754381275
0.00047135059442088756
0.00046853130423649944
0.0004660724581958666
0.00046401086626982036
0.0004631241130962786
0.00046532455155384224
0.00046345190403296235
0.0004639577218804854
0.0004669231886421605
0.00046624314176363943
0.0004667330755497285
0.000470411668433168
0.00047083980411310674
0.0004723815711739799
0.0004706350572004163
0.00046755084490486906
0.000468969679271629
0.00047136149408181946
0.00047167705081989055
0.0004713373637170227
0.0004749921550833346
0.0004749860285630492
0.0004735584645857512
0.0004741600920899573
0.000472325908205813
0.00047084614535240836
0.00046984737770340215
0.00046842264349309195
0.0004669234613694568
0.00046732033821980776
0.00046574302113064955
0.0004683875289239042
0.0004666073119743779
0.0004671935623902142
0.0004663498509102117
0.0004669414038236681
0.000468592981038263
0.0004705762705539404
0.0004714840176270612
0.00047019601645192325
0.00046890430516380197
0.0004726673890355072
0.0004696973557372906
0.0004728412169773363
0.0004719289230412223
0.00047147008307129803
0.0004709113048108651
0.0004709414518591793
0.00047254656823189915
0.00047098795710584046
0.00046930261916181096
0.00046911633100407224
0.0004676248642280082
0.0004679546849882676
0.0004646187825241074
0.0004628743999142902
0.00046334269353548625
0.00046310766908497924
0.00046522717586475865
0.0004677435812588996
0.00047037701134982935
0.0004705108754362093
0.0004704723407010354
0.0004712622830972021
0.00047378694666563935
0.00047480605601268124
0.00047310385830549596
0.00047522831437057895
0.00047441937493199833
0.00047810236046776403
0.00047930075676799765
0.0004795608642898727
0.0004811353182244107
0.00047916738494431385
0.000477966895215203
0.00048138248166214727
0.0004812510693266085
0.00047719835144545273
0.00047633807339991384
0.0004753205662421974
0.00047488189287464116
0.0004754592202654978
0.0004754516791417361
0.0004748512102373126
0.00047319287980294913
0.0004733051197644707
0.00047068513431347965
0.0004712237832128345
0.0004678228285557826
0.000468790115963963
0.0004687492224785634
0.0004653225541582093
0.00046578686600662144
0.0004645576697410085
0.0004617974887036562
0.00046013642602967046
0.0004599374488640976
0.00045728056922866275
0.0004572486844060786
0.0004567922857617847
0.00045312347480662267
0.00045008518561028525
0.00044886814161398687
0.00045093353429999296
0.00045077538744041644
0.0004488824187770509
0.00045126245657531604
0.00044969751943696543
0.00044659881044679305
0.0004462634396516061
0.0004435100980430159
0.00044146158129841927
0.0004392845472982952
0.0004401178052069535
0.00043841412285631657
0.0004381927953731381
0.00043831015600683925
0.000438566042638604
0.00043992175061640114
0.00044120688197771366
0.00044196759467636255
0.00043998355197228685
0.00043677370769347397
0.00043274361035581393
0.0004326786140458749
0.0004336013111551564
0.0004319760269718015
0.0004281124155719837
0.0004252315019470995
0.00042479680264553724
0.0004230585875263878
0.00042341212577760265
0.00042408071754446944
0.0004277670032305722
0.00042791078862081724
0.00042850365662485665
0.0004286040290042531
0.000426613580537727
0.0004260914641919527
0.0004249221495291984
0.00042619099077694563
0.00042563493781179576
0.00042522122662787726
0.0004271417392054247
0.0004253061232207937
0.00042826213334616213
0.00042984038782463126
0.0004275599448347803
0.0004277049420606993
0.00042893974549372126
0.00042662060764637636
0.0004234084357176005
0.00042741536487793966
0.0004264030056573574
0.00042844501589670925
0.00042655965952627595
0.00042430701817831146
0.00042244093937428886
0.00042070678579924503
0.000421443614883473
0.00041875819896269965
0.00042135053121315666
0.00041946495619443345
0.0004195795173142609
0.00041729213483884976
0.00041077301438025075
0.0004065545617547773
0.00040558134627221074
0.0004099045762160157
0.0004123926601847848
0.0004128155738451656
0.00040823438512730255
0.00041166073276787974
0.0004104580450856145
0.0004067485835606032
0.0004085736065599104
0.0004053473157223659
0.00040733639274128096
0.0004041785427619789
0.0004038769503920459
0.00040370103262201014
0.0004009553670989854
0.00040285071129764774
0.00039722672662914404
0.00040227044562838525
0.0003991697817957512
0.0003930169344217807
0.00038926649520353056
0.00038792076645291685
0.0003858492114417995
0.0003808808420912699
0.0003786975768356844
0.0003787307743706553
0.00037434900049303205
0.00037117829514005243
0.00037766042314855427
0.00037621878435554367
0.0003727050391525921
0.00036679360733109435
0.00036853976068875946
0.00037019363214247335
0.000365861794230554
0.00036223629713497336
0.0003624286275995867
0.00036029507880198306
0.00035536500418699755
0.00035426231280372253
0.00035055828650457956
0.0003496381833001557
0.0003493769400871887
0.0003419588841805452
0.00034824327544116205
0.0003453584520717038
0.0003504600863746139
0.00034265336234150787
0.000340473701723829
0.0003386269154247558
0.00033453913174023934
0.00032923815097604854
0.00032528326267823956
0.0003135524353747078
0.00031676099096858597
0.0003078918942570818
0.0003083690333117871
0.0003080234757549261
0.00030789722960562814
0.0002973030361952099
0.0002926686442413775
0.00029172443994557545
0.0002839532416390121
0.0002778683845842283
0.0002621360746481858
0.00025854593838087696
0.00026213303458315677
0.00026252832028365994
0.00024858335343059607
0.00023928648046049462
0.00019860058330369314
0.00016072285414881504
0.00011476465283380664
3.619837633712675e-05
1.2238545646571192e-05
2.9467243861052695e-06
0.0
