1.2
1.1996402750075266
1.1992805500312225
1.1989208250710977
1.1985611001271614
1.1982013751994238
1.1978416502878944
1.1974819253925828
1.197122200513499
1.1967624756506525
1.1964027508040533
1.196043025973711
1.1956833011596355
1.1953235763618366
1.194963851580324
1.1946041268151075
1.1942444020661969
1.193884677333602
1.1935249526173328
1.193165227917399
1.1928055032338105
1.192445778566577
1.1920860539157085
1.191726329281215
1.1913666046631064
1.1910068800613924
1.190647155476083
1.1902874309071878
1.1899277063547171
1.1895679818186806
1.1892082572990885
1.1888485327959506
1.1884888083092768
1.1881290838390772
1.1877693593853615
1.18740963494814
1.1870499105274226
1.1866901861232193
1.18633046173554
1.1859707373643946
1.1856110130097937
1.1852512886717468
1.1848915643502642
1.1845318400453557
1.1841721157570317
1.183812391485302
1.1834526672301768
1.1830929429916661
1.18273321876978
1.182373494564529
1.1820137703759228
1.1816540462039717
1.1812943220486858
1.180934597910075
1.1805748737881496
1.18021514968292
1.1798554255943963
1.1794957015225886
1.1791359774675072
1.1787762534291621
1.1784165294075637
1.178056805402722
1.1776970814146475
1.1773373574433503
1.1769776334888407
1.1766179095511287
1.176258185630225
1.176
1.175640276107992
1.1752805522328202
1.1749208283744947
1.174561104533026
1.1742013807084242
1.1738416569006997
1.173481933109863
1.1731222093359241
1.1727624855788938
1.1724027618387822
1.1720430381155997
1.1716833144093568
1.1713235907200636
1.170963867047731
1.1706041433923688
1.170244419753988
1.1698846961325988
1.1695249725282117
1.169165248940837
1.1688055253704854
1.1684458018171673
1.168086078280893
1.1677263547616734
1.1673666312595186
1.1670069077744392
1.1666471843064459
1.1662874608555491
1.1659277374217594
1.1655680140050872
1.1652082906055434
1.1648485672231383
1.1644888438578826
1.1641291205097868
1.164
1.1636402766752405
1.163280553367666
1.162920830077287
1.1625611068041144
1.1622013835481586
1.1618416603094304
1.1614819370879403
1.1611222138836992
1.1607624906967176
1.1604027675270063
1.160043044374576
1.1596833212394373
1.159323598121601
1.158963875021078
1.1586041519378787
1.1582444288720142
1.1578847058234951
1.1575249827923322
1.1571652597785362
1.156805536782118
1.1564458138030882
1.1560860908414579
1.1557263678972378
1.1553666449704387
1.1550069220610717
1.1546471991691474
1.1542874762946764
1.1539277534376702
1.1535680305981393
1.1532083077760946
1.152848584971547
1.1524888621845077
1.1521291394149875
1.152
1.1516402772543053
1.1512805545261557
1.150920831815562
1.150561109122535
1.1502013864470857
1.1498416637892253
1.1494819411489645
1.1491222185263144
1.148762495921286
1.1484027733338906
1.148043050764139
1.1476833282120424
1.147323605677612
1.1469638831608584
1.1466041606617932
1.146244438180427
1.1458847157167713
1.1455249932708371
1.1451652708426354
1.1448055484321775
1.1444458260394745
1.1440861036645376
1.1437263813073777
1.1433666589680063
1.1430069366464346
1.1426472143426736
1.1422874920567347
1.141927769788629
1.1415680475383676
1.141208325305962
1.1408486030914233
1.140488880894763
1.140129158715992
1.14
1.1396402778455599
1.139280555709036
1.1389208335904395
1.1385611114897818
1.1382013894070744
1.1378416673423284
1.1374819452955551
1.1371222232667662
1.1367625012559726
1.136402779263186
1.1360430572884177
1.1356833353316793
1.135323613392982
1.1349638914723374
1.1346041695697568
1.1342444476852518
1.1338847258188336
1.1335250039705138
1.133165282140304
1.1328055603282154
1.13244583853426
1.1320861167584488
1.1317263950007936
1.131366673261306
1.1310069515399972
1.1306472298368793
1.1302875081519634
1.1299277864852613
1.1295680648367845
1.1292083432065447
1.1288486215945537
1.1284889000008227
1.1281291784253635
1.128
1.1276402784493929
1.1272805569170852
1.1269208354030886
1.1265611139074148
1.1262013924300753
1.125841670971082
1.1254819495304464
1.1251222281081805
1.1247625067042961
1.1244027853188046
1.1240430639517178
1.123683342603048
1.1233236212728064
1.1229638999610052
1.122604178667656
1.1222444573927706
1.1218847361363609
1.1215250148984386
1.1211652936790157
1.120805572478104
1.1204458512957156
1.1200861301318623
1.1197264089865557
1.119366687859808
1.1190069667516311
1.118647245662037
1.1182875245910375
1.1179278035386446
1.1175680825048704
1.1172083614897268
1.1168486404932259
1.1164889195153793
1.1161291985561994
1.116
1.1156402790662103
1.1152805581511156
1.114920837254728
1.1145611163770595
1.1142013955181223
1.1138416746779283
1.1134819538564897
1.1131222330538186
1.1127625122699272
1.1124027915048276
1.1120430707585318
1.1116833500310521
1.111323629322401
1.11096390863259
1.1106041879616317
1.1102444673095384
1.1098847466763222
1.1095250260619953
1.10916530546657
1.1088055848900584
1.108445864332473
1.1080861437938259
1.1077264232741295
1.1073667027733962
1.1070069822916382
1.1066472618288676
1.1062875413850972
1.1059278209603391
1.1055681005546056
1.1052083801679093
1.1048486598002625
1.1044889394516773
1.1041292191221665
1.104
1.1036402796964353
1.1032805594119741
1.102920839146629
1.1025611189004125
1.102201398673337
1.101841678465415
1.101481958276659
1.1011222381070815
1.100762517956695
1.1004027978255122
1.1000430777135455
1.0996833576208074
1.0993236375473106
1.0989639174930677
1.0986041974580913
1.098244477442394
1.0978847574459885
1.0975250374688872
1.097165317511103
1.0968055975726485
1.0964458776535364
1.0960861577537793
1.0957264378733897
1.0953667180123807
1.095006998170765
1.0946472783485552
1.094287558545764
1.0939278387624043
1.0935681189984887
1.0932083992540302
1.0928486795290415
1.0924889598235354
1.0921292401375249
1.092
1.0916402803405099
1.0912805607005454
1.0909208410801194
1.0905611214792452
1.0902014018979354
1.0898416823362027
1.0894819627940604
1.0891222432715213
1.088762523768598
1.088402804285304
1.088043084821652
1.0876833653776552
1.0873236459533262
1.0869639265486783
1.0866042071637245
1.0862444877984778
1.0858847684529513
1.0855250491271582
1.0851653298211112
1.0848056105348236
1.0844458912683084
1.0840861720215789
1.083726452794648
1.083366733587529
1.083007014400235
1.0826472952327795
1.0822875760851751
1.0819278569574353
1.0815681378495734
1.0812084187616025
1.0808486996935356
1.0804889806453863
1.0801292616171678
1.08
1.0796402809988954
1.0792805620177528
1.0789208430565858
1.0785611241154074
1.078201405194231
1.07784168629307
1.0774819674119376
1.0771222485508474
1.0767625297098127
1.0764028108888468
1.0760430920879631
1.0756833733071751
1.0753236545464964
1.0749639358059402
1.0746042170855201
1.0742444983852495
1.073884779705142
1.073525061045211
1.07316534240547
1.0728056237859325
1.0724459051866122
1.0720861866075226
1.0717264680486773
1.07136674951009
1.071007030991774
1.0706473124937432
1.070287594016011
1.0699278755585913
1.0695681571214972
1.069208438704743
1.068848720308342
1.0684890019323083
1.0681292835766552
1.068
1.0676402816720745
1.0672805633645623
1.066920845077477
1.0665611268108324
1.0662014085646423
1.0658416903389205
1.0654819721336806
1.0651222539489367
1.0647625357847026
1.064402817640992
1.064043099517819
1.0636833814151971
1.0633236633331407
1.0629639452716635
1.0626042272307792
1.0622445092105022
1.061884791210846
1.0615250732318249
1.0611653552734526
1.0608056373357433
1.060445919418711
1.0600862015223695
1.0597264836467333
1.059366765791816
1.059007047957632
1.058647330144195
1.0582876123515195
1.0579278945796193
1.0575681768285088
1.0572084590982018
1.0568487413887127
1.0564890237000557
1.0561293060322448
1.056
1.0556402823605515
1.0552805647419827
1.054920847144308
1.0545611295675412
1.0542014120116971
1.0538416944767897
1.0534819769628332
1.0531222594698422
1.0527625419978308
1.0524028245468136
1.0520431071168044
1.051683389707818
1.0513236723198687
1.0509639549529708
1.050604237607139
1.0502445202823871
1.0498848029787302
1.0495250856961824
1.0491653684347584
1.0488056511944726
1.0484459339753394
1.0480862167773732
1.0477264996005888
1.0473667824450006
1.0470070653106232
1.046647348197471
1.0462876311055587
1.045927914034901
1.0455681969855124
1.0452084799574075
1.0448487629506011
1.044489045965108
1.0441293290009424
1.044
1.043640283064854
1.0432805661510702
1.0429208492586637
1.0425611323876491
1.0422014155380412
1.0418416987098549
1.0414819819031047
1.0411222651178056
1.0407625483539722
1.0404028316116196
1.0400431148907625
1.039683398191416
1.0393236815135947
1.0389639648573135
1.0386042482225875
1.0382445316094315
1.0378848150178606
1.0375250984478896
1.0371653818995334
1.0368056653728073
1.036445948867726
1.0360862323843048
1.0357265159225584
1.0353667994825022
1.0350070830641511
1.0346473666675202
1.0342876502926244
1.0339279339394791
1.0335682176080994
1.0332085012985004
1.032848785010697
1.0324890687447048
1.0321293525005388
1.032
1.0316402837855332
1.0312805675929286
1.0309208514222012
1.0305611352733666
1.03020141914644
1.0298417030414364
1.0294819869583716
1.0291222708972605
1.0287625548581185
1.0284028388409612
1.0280431228458038
1.0276834068726617
1.0273236909215504
1.0269639749924853
1.0266042590854818
1.0262445432005554
1.0258848273377215
1.0255251114969957
1.0251653956783933
1.02480567988193
1.0244459641076213
1.024086248355483
1.02372653262553
1.0233668169177785
1.023007101232244
1.0226473855689417
1.0222876699278878
1.0219279543090978
1.0215682387125873
1.0212085231383718
1.0208488075864672
1.0204890920568894
1.020129376549654
1.02
1.0196402845231678
1.0192805690687152
1.0189208536366579
1.0185611382270117
1.0182014228397924
1.0178417074750161
1.0174819921326985
1.0171222768128554
1.0167625615155027
1.0164028462406565
1.0160431309883324
1.0156834157585466
1.015323700551315
1.0149639853666534
1.014604270204578
1.014244555065105
1.01388483994825
1.0135251248540293
1.013165409782459
1.0128056947335549
1.0124459797073333
1.0120862647038105
1.0117265497230024
1.0113668347649252
1.011007119829595
1.010647404917028
1.0102876900272404
1.0099279751602486
1.0095682603160685
1.0092085454947166
1.0088488306962091
1.0084891159205622
1.0081294011677924
1.008
1.007640285278363
1.0072805705796415
1.006920855903852
1.006561141251011
1.0062014266211345
1.005841712014239
1.0054819974303413
1.0051222828694573
1.004762568331604
1.0044028538167975
1.0040431393250544
1.0036834248563913
1.0033237104108248
1.0029639959883714
1.0026042815890477
1.0022445672128701
1.0018848528598554
1.0015251385300201
1.001165424223381
1.0008057099399545
1.0004459956797578
1.000086281442807
0.9997265672291193
0.9993668530387113
0.9990071388715996
0.9986474247278011
0.9982877106073325
0.9979279965102106
0.9975682824364523
0.9972085683860745
0.996848854359094
0.9964891403555276
0.9961294263753924
0.996
0.9956402860517536
0.9952805721269783
0.9949208582256909
0.9945611443479084
0.9942014304936481
0.9938417166629266
0.9934820028557613
0.993122289072169
0.9927625753121669
0.9924028615757721
0.9920431478630015
0.9916834341738725
0.9913237205084021
0.9909640068666076
0.9906042932485061
0.9902445796541146
0.9898848660834506
0.9895251525365313
0.989165439013374
0.9888057255139957
0.988446012038414
0.9880862985866461
0.9877265851587094
0.9873668717546211
0.9870071583743987
0.9866474450180596
0.9862877316856211
0.9859280183771008
0.9855683050925159
0.9852085918318841
0.9848488785952229
0.9844891653825496
0.9841294521938819
0.984
0.9836402868440051
0.983280573712057
0.9829208606041735
0.9825611475203723
0.9822014344606708
0.9818417214250867
0.9814820084136379
0.9811222954263418
0.9807625824632162
0.9804028695242789
0.9800431566095475
0.9796834437190399
0.9793237308527739
0.9789640180107673
0.9786043051930376
0.9782445923996032
0.9778848796304815
0.9775251668856906
0.9771654541652482
0.9768057414691725
0.9764460287974813
0.9760863161501927
0.9757266035273244
0.9753668909288947
0.9750071783549215
0.9746474658054228
0.9742877532804167
0.9739280407799212
0.9735683283039547
0.9732086158525348
0.9728489034256801
0.9724891910234086
0.9721294786457385
0.972
0.9716402876558158
0.9712805753362759
0.9709208630413986
0.9705611507712022
0.9702014385257051
0.9698417263049254
0.9694820141088816
0.9691223019375919
0.9687625897910748
0.9684028776693486
0.9680431655724319
0.9676834535003429
0.9673237414531001
0.966964029430722
0.9666043174332273
0.9662446054606342
0.9658848935129614
0.9655251815902274
0.9651654696924509
0.9648057578196503
0.9644460459718442
0.9640863341490515
0.9637266223512908
0.9633669105785807
0.9630071988309399
0.9626474871083871
0.962287775410941
0.9619280637386206
0.9615683520914444
0.9612086404694314
0.9608489288726004
0.9604892173009701
0.9601295057545597
0.96
0.9596402884879193
0.9592805770011028
0.9589208655395697
0.9585611541033388
0.958201442692429
0.9578417313068595
0.9574820199466492
0.9571223086118172
0.9567625973023827
0.9564028860183645
0.956043174759782
0.9556834635266541
0.9553237523190001
0.9549640411368392
0.9546043299801905
0.9542446188490732
0.9538849077435066
0.9535251966635101
0.9531654856091029
0.9528057745803041
0.9524460635771334
0.9520863525996098
0.9517266416477529
0.951366930721582
0.9510072198211166
0.9506475089463761
0.95028779809738
0.9499280872741477
0.9495683764766987
0.9492086657050527
0.948848954959229
0.9484892442392475
0.9481295335451275
0.948
0.9476402893410859
0.9472805787080799
0.9469208681010014
0.9465611575198702
0.9462014469647061
0.9458417364355288
0.9454820259323581
0.9451223154552136
0.9447626050041152
0.9444028945790828
0.9440431841801361
0.9436834738072951
0.9433237634605798
0.94296405314001
0.9426043428456056
0.9422446325773866
0.9418849223353729
0.9415252121195846
0.9411655019300418
0.9408057917667645
0.9404460816297727
0.9400863715190866
0.9397266614347263
0.9393669513767119
0.9390072413450637
0.9386475313398019
0.9382878213609466
0.9379281114085181
0.9375684014825366
0.9372086915830224
0.9368489817099959
0.9364892718634774
0.9361295620434873
0.936
0.935640290216126
0.9352805804588286
0.9349208707281279
0.9345611610240447
0.9342014513465994
0.9338417416958125
0.9334820320717044
0.9331223224742959
0.9327626129036075
0.9324029033596597
0.9320431938424732
0.9316834843520686
0.9313237748884666
0.9309640654516879
0.9306043560417532
0.9302446466586833
0.929884937302499
0.929525227973221
0.9291655186708702
0.9288058093954673
0.9284461001470334
0.9280863909255893
0.9277266817311558
0.9273669725637539
0.9270072634234047
0.926647554310129
0.9262878452239479
0.9259281361648825
0.9255684271329537
0.9252087181281828
0.9248490091505908
0.9244893002001988
0.9241295912770281
0.924
0.9236402911138915
0.923280582255054
0.9229208734235091
0.9225611646192781
0.922201455842382
0.9218417470928424
0.9214820383706804
0.9211223296759176
0.9207626210085752
0.9204029123686747
0.9200432037562375
0.9196834951712852
0.9193237866138393
0.9189640780839211
0.9186043695815523
0.9182446611067545
0.9178849526595493
0.9175252442399581
0.9171655358480026
0.9168058274837048
0.9164461191470861
0.9160864108381683
0.9157267025569732
0.9153669943035225
0.9150072860778381
0.9146475778799418
0.9142878697098553
0.9139281615676006
0.9135684534531996
0.9132087453666743
0.9128490373080465
0.9124893292773382
0.9121296212745715
0.912
0.9116402920352791
0.9112805840985517
0.9109208761898401
0.9105611683091662
0.9102014604565524
0.9098417526320207
0.9094820448355934
0.9091223370672925
0.9087626293271406
0.9084029216151597
0.9080432139313722
0.9076835062758005
0.9073237986484669
0.9069640910493937
0.9066043834786034
0.9062446759361185
0.9058849684219613
0.9055252609361545
0.9051655534787205
0.9048058460496818
0.9044461386490611
0.9040864312768808
0.9037267239331637
0.9033670166179324
0.9030073093312097
0.902647602073018
0.9022878948433803
0.9019281876423194
0.9015684804698578
0.9012087733260186
0.9008490662108244
0.9004893591242982
0.9001296520664629
0.9
0.8996402929812338
0.8992805859912126
0.8989208790299594
0.8985611720974974
0.8982014651938495
0.8978417583190387
0.8974820514730881
0.8971223446560211
0.8967626378678606
0.8964029311086299
0.8960432243783522
0.8956835176770506
0.8953238110047484
0.8949641043614691
0.8946043977472359
0.8942446911620722
0.8938849846060012
0.8935252780790465
0.8931655715812314
0.8928058651125796
0.8924461586731144
0.8920864522628593
0.891726745881838
0.8913670395300739
0.8910073332075907
0.8906476269144121
0.8902879206505616
0.8899282144160631
0.8895685082109401
0.8892088020352166
0.8888490958889161
0.8884893897720626
0.8881296836846798
0.888
0.8876402939527513
0.88728058793503
0.8869208819468597
0.8865611759882644
0.8862014700592683
0.8858417641598952
0.8854820582901692
0.8851223524501145
0.8847626466397551
0.8844029408591152
0.8840432351082189
0.8836835293870905
0.8833238236957541
0.8829641180342341
0.8826044124025547
0.8822447068007402
0.881885001228815
0.8815252956868034
0.8811655901747298
0.8808058846926189
0.8804461792404948
0.8800864738183822
0.8797267684263057
0.8793670630642897
0.8790073577323588
0.8786476524305377
0.8782879471588508
0.8779282419173231
0.8775685367059791
0.8772088315248437
0.8768491263739416
0.8764894212532977
0.8761297161629366
0.876
0.8756402949508824
0.8752805899321063
0.8749208849436969
0.874561179985679
0.8742014750580775
0.8738417701609177
0.8734820652942246
0.8731223604580232
0.8727626556523386
0.8724029508771959
0.8720432461326204
0.8716835414186372
0.8713238367352717
0.8709641320825491
0.8706044274604946
0.8702447228691336
0.8698850183084914
0.8695253137785935
0.8691656092794655
0.8688059048111326
0.8684462003736204
0.8680864959669544
0.8677267915911601
0.8673670872462631
0.8670073829322892
0.8666476786492638
0.8662879743972127
0.8659282701761617
0.8655685659861364
0.8652088618271627
0.8648491576992664
0.8644894536024732
0.8641297495368091
0.864
0.8636402959767352
0.8632805919846607
0.8629208880238025
0.8625611840941866
0.8622014801958391
0.861841776328786
0.8614820724930534
0.8611223686886675
0.8607626649156546
0.8604029611740407
0.8600432574638521
0.8596835537851152
0.8593238501378562
0.8589641465221014
0.8586044429378773
0.8582447393852104
0.8578850358641269
0.8575253323746534
0.8571656289168166
0.8568059254906427
0.8564462220961584
0.8560865187333905
0.8557268154023654
0.8553671121031098
0.8550074088356505
0.8546477056000144
0.8542880023962279
0.8539282992243181
0.8535685960843119
0.8532088929762359
0.8528491899001173
0.8524894868559829
0.8521297838438597
0.852
0.8516402970314814
0.8512805940950378
0.8509208911906964
0.8505611883184842
0.8502014854784283
0.8498417826705562
0.8494820798948951
0.8491223771514721
0.8487626744403145
0.8484029717614497
0.8480432691149052
0.8476835665007083
0.8473238639188864
0.846964161369467
0.8466044588524776
0.8462447563679459
0.8458850539158994
0.8455253514963657
0.8451656491093723
0.8448059467549471
0.8444462444331179
0.8440865421439122
0.843726839887358
0.843367137663483
0.8430074354723153
0.8426477333138825
0.8422880311882128
0.8419283290953341
0.8415686270352742
0.8412089250080614
0.8408492230137237
0.8404895210522891
0.840129819123786
0.84
0.8396402981163587
0.8392805962657154
0.8389208944480984
0.8385611926635359
0.8382014909120564
0.8378417891936882
0.8374820875084599
0.8371223858563996
0.8367626842375362
0.8364029826518979
0.8360432810995135
0.8356835795804115
0.8353238780946205
0.8349641766421693
0.8346044752230865
0.8342447738374009
0.8338850724851413
0.8335253711663366
0.8331656698810156
0.8328059686292072
0.8324462674109403
0.832086566226244
0.8317268650751473
0.8313671639576791
0.8310074628738686
0.830647761823745
0.8302880608073374
0.8299283598246749
0.829568658875787
0.8292089579607028
0.8288492570794516
0.8284895562320628
0.8281298554185658
0.828
0.8276402992326772
0.8272805984993159
0.8269208977999455
0.8265611971345955
0.8262014965032956
0.8258417959060752
0.8254820953429642
0.8251223948139924
0.8247626943191894
0.824402993858585
0.8240432934322092
0.8236835930400916
0.8233238926822624
0.8229641923587513
0.8226044920695884
0.8222447918148038
0.8218850915944276
0.8215253914084897
0.8211656912570203
0.8208059911400498
0.8204462910576082
0.820086591009726
0.8197268909964333
0.8193671910177605
0.8190074910737379
0.8186477911643961
0.8182880912897655
0.8179283914498766
0.81756869164476
0.8172089918744462
0.8168492921389658
0.8164895924383497
0.8161298927726284
0.816
0.8156403003818239
0.8152806007986154
0.8149209012504053
0.8145612017372245
0.8142015022591038
0.8138418028160742
0.8134821034081668
0.8131224040354127
0.8127627046978428
0.8124030053954885
0.8120433061283807
0.8116836068965508
0.81132390770003
0.8109642085388497
0.810604509413041
0.8102448103226355
0.8098851112676646
0.8095254122481597
0.8091657132641522
0.8088060143156739
0.8084463154027562
0.8080866165254309
0.8077269176837295
0.8073672188776838
0.8070075201073257
0.8066478213726868
0.806288122673799
0.8059284240106943
0.8055687253834045
0.8052090267919617
0.8048493282363978
0.8044896297167448
0.804129931233035
0.804
0.8036403015652684
0.8032806031665559
0.8029209048038947
0.8025612064773171
0.8022015081868554
0.8018418099325422
0.8014821117144096
0.8011224135324904
0.8007627153868169
0.8004030172774217
0.8000433192043374
0.7996836211675965
0.7993239231672319
0.7989642252032763
0.7986045272757624
0.798244829384723
0.797885131530191
0.7975254337121993
0.7971657359307809
0.7968060381859687
0.7964463404777958
0.7960866428062954
0.7957269451715004
0.7953672475734442
0.79500755001216
0.7946478524876809
0.7942881550000402
0.7939284575492714
0.7935687601354079
0.7932090627584831
0.7928493654185305
0.7924896681155835
0.7921299708496758
0.792
0.7916403027845694
0.7912806056062576
0.7909209084650982
0.7905612113611252
0.7902015142943724
0.7898418172648735
0.7894821202726625
0.7891224233177735
0.7887627264002405
0.7884030295200974
0.7880433326773785
0.7876836358721178
0.7873239391043495
0.7869642423741079
0.7866045456814273
0.7862448490263422
0.7858851524088867
0.7855254558290953
0.7851657592870026
0.7848060627826432
0.7844463663160515
0.7840866698872622
0.7837269734963098
0.7833672771432294
0.7830075808280554
0.7826478845508229
0.7822881883115665
0.7819284921103213
0.7815687959471223
0.7812090998220043
0.7808494037350024
0.780489707686152
0.780130011675488
0.78
0.7796403040413815
0.7792806081210326
0.7789209122389887
0.7785612163952852
0.7782015205899574
0.7778418248230408
0.7774821290945709
0.7771224334045834
0.7767627377531138
0.7764030421401977
0.776043346565871
0.7756836510301693
0.7753239555331285
0.7749642600747845
0.774604564655173
0.7742448692743301
0.7738851739322918
0.7735254786290943
0.7731657833647735
0.7728060881393657
0.7724463929529071
0.7720866978054338
0.7717270026969824
0.771367307627589
0.7710076125972902
0.7706479176061224
0.7702882226541221
0.7699285277413259
0.7695688328677704
0.7692091380334923
0.7688494432385283
0.7684897484829152
0.7681300537666897
0.768
0.7676403053374629
0.7672806107144006
0.7669209161308502
0.7665612215868488
0.7662015270824334
0.7658418326176412
0.7654821381925093
0.7651224438070751
0.7647627494613759
0.764403055155449
0.764043360889332
0.7636836666630621
0.763323972476677
0.7629642783302143
0.7626045842237115
0.7622448901572063
0.7618851961307366
0.76152550214434
0.7611658081980545
0.7608061142919179
0.7604464204259682
0.7600867266002435
0.7597270328147816
0.7593673390696208
0.7590076453647994
0.7586479517003553
0.7582882580763269
0.7579285644927527
0.757568870949671
0.75720917744712
0.7568494839851385
0.756489790563765
0.7561300971830379
0.756
0.7556403066746831
0.7552806133901041
0.7549209201463019
0.7545612269433152
0.754201533781183
0.7538418406599443
0.753482147579638
0.7531224545403032
0.7527627615419792
0.752403068584705
0.7520433756685198
0.751683682793463
0.7513239899595738
0.7509642971668918
0.7506046044154564
0.7502449117053072
0.7498852190364835
0.7495255264090253
0.749165833822972
0.7488061412783634
0.7484464487752394
0.7480867563136397
0.7477270638936044
0.7473673715151735
0.747007679178387
0.7466479868832848
0.7462882946299073
0.7459286024182946
0.7455689102484869
0.7452092181205247
0.7448495260344481
0.7444898339902978
0.7441301419881142
0.744
0.7436403080550326
0.7432806161521278
0.7429209242913264
0.7425612324726689
0.7422015406961965
0.7418418489619497
0.7414821572699696
0.7411224656202973
0.7407627740129736
0.7404030824480399
0.7400433909255372
0.7396836994455067
0.7393240080079899
0.738964316613028
0.7386046252606624
0.7382449339509346
0.7378852426838862
0.7375255514595588
0.7371658602779939
0.7368061691392334
0.7364464780433189
0.7360867869902923
0.7357270959801956
0.7353674050130707
0.7350077140889597
0.7346480232079046
0.7342883323699476
0.7339286415751309
0.7335689508234967
0.7332092601150875
0.7328495694499455
0.7324898788281133
0.7321301882496335
0.732
0.731640309480632
0.731280619004717
0.7309209285722976
0.7305612381834168
0.7302015478381173
0.729841857536442
0.7294821672784341
0.7291224770641365
0.7287627868935923
0.7284030967668448
0.728043406683937
0.7276837166449124
0.7273240266498142
0.7269643366986861
0.7266046467915714
0.7262449569285138
0.7258852671095567
0.725525577334744
0.7251658876041195
0.7248061979177268
0.72444650827561
0.7240868186778129
0.7237271291243795
0.7233674396153541
0.7230077501507807
0.7226480607307034
0.7222883713551668
0.7219286820242149
0.7215689927378923
0.7212093034962435
0.7208496142993129
0.7204899251471454
0.7201302360397853
0.72
0.7196403109537435
0.7192806219524004
0.7189209329960156
0.7185612440846341
0.7182015552183009
0.717841866397061
0.7174821776209599
0.7171224888900426
0.7167628002043545
0.7164031115639409
0.7160434229688473
0.7156837344191193
0.7153240459148023
0.714964357455942
0.7146046690425842
0.7142449806747747
0.7138852923525594
0.7135256040759841
0.7131659158450949
0.712806227659938
0.7124465395205591
0.7120868514270049
0.7117271633793214
0.7113674753775551
0.7110077874217522
0.7106480995119593
0.710288411648223
0.70992872383059
0.7095690360591069
0.7092093483338205
0.7088496606547777
0.7084899730220253
0.7081302854356104
0.708
0.7076403124767825
0.7072806250000137
0.7069209375697408
0.7065612501860112
0.7062015628488723
0.7058418755583714
0.7054821883145562
0.7051225011174741
0.7047628139671729
0.7044031268637002
0.704043439807104
0.7036837527974321
0.7033240658347324
0.702964378919053
0.7026046920504418
0.7022450052289473
0.7018853184546175
0.7015256317275009
0.7011659450476458
0.7008062584151007
0.7004465718299142
0.7000868852921348
0.6997271988018113
0.6993675123589925
0.6990078259637271
0.6986481396160641
0.6982884533160525
0.6979287670637414
0.6975690808591799
0.6972093947024173
0.6968497085935029
0.696490022532486
0.6961303365194161
0.696
0.6956403140523311
0.6952806281527263
0.6949209423012354
0.694561256497908
0.6942015707427943
0.693841885035944
0.6934821993774072
0.693122513767234
0.6927628282054745
0.6924031426921791
0.692043457227398
0.6916837718111818
0.6913240864435808
0.6909644011246456
0.690604715854427
0.6902450306329755
0.6898853454603421
0.6895256603365777
0.6891659752617332
0.6888062902358596
0.6884466052590081
0.6880869203312299
0.6877272354525762
0.6873675506230985
0.6870078658428481
0.6866481811118766
0.6862884964302358
0.6859288117979772
0.6855691272151525
0.6852094426818137
0.6848497581980127
0.6844900737638014
0.6841303893792321
0.684
0.6836403156831523
0.68328063141607
0.6829209471988054
0.6825612630314108
0.6822015789139391
0.6818418948464426
0.6814822108289742
0.6811225268615866
0.6807628429443326
0.6804031590772655
0.680043475260438
0.6796837914939033
0.6793241077777148
0.6789644241119256
0.6786047404965891
0.6782450569317588
0.6778853734174883
0.6775256899538312
0.6771660065408411
0.676806323178572
0.6764466398670778
0.6760869566064123
0.6757272733966296
0.675367590237784
0.6750079071299298
0.674648224073121
0.6742885410674122
0.6739288581128579
0.6735691752095126
0.6732094923574312
0.6728498095566682
0.6724901268072786
0.6721304441093172
0.672
0.6716403173722068
0.671280634795972
0.6709209522713508
0.6705612697983987
0.670201587377171
0.6698419050077232
0.6694822226901109
0.6691225404243899
0.6687628582106159
0.6684031760488446
0.6680434939391321
0.6676838118815344
0.6673241298761076
0.666964447922908
0.6666047660219918
0.6662450841734155
0.6658854023772357
0.6655257206335088
0.6651660389422915
0.6648063573036407
0.6644466757176131
0.6640869941842658
0.6637273127036557
0.66336763127584
0.663007949900876
0.6626482685788209
0.6622885873097322
0.6619289060936674
0.6615692249306842
0.6612095438208401
0.660849862764193
0.6604901817608009
0.6601305008107216
0.66
0.6596403191226703
0.6592806382987908
0.65892095752842
0.658561276811616
0.6582015961484375
0.6578419155389431
0.6574822349831914
0.6571225544812411
0.6567628740331513
0.6564031936389808
0.6560435132987887
0.6556838330126343
0.6553241527805768
0.6549644726026754
0.6546047924789898
0.6542451124095795
0.653885432394504
0.6535257524338233
0.653166072527597
0.6528063926758851
0.6524467128787479
0.6520870331362453
0.6517273534484376
0.6513676738153852
0.6510079942371485
0.6506483147137881
0.6502886352453647
0.649928955831939
0.6495692764735718
0.6492095971703241
0.648849917922257
0.6484902387294316
0.6481305595919091
0.648
0.6476403209379538
0.6472806419313556
0.6469209629802672
0.6465612840847502
0.6462016052448666
0.6458419264606781
0.6454822477322466
0.6451225690596345
0.6447628904429039
0.6444032118821172
0.6440435333773368
0.6436838549286251
0.6433241765360449
0.6429644981996588
0.6426048199195299
0.6422451416957209
0.6418854635282949
0.6415257854173152
0.641166107362845
0.6408064293649477
0.6404467514236868
0.6400870735391258
0.6397273957113284
0.6393677179403585
0.63900804022628
0.6386483625691569
0.6382886849690534
0.6379290074260338
0.6375693299401621
0.6372096525115031
0.6368499751401212
0.6364902978260811
0.6361306205694477
0.636
0.6356403228217256
0.6352806457010113
0.6349209686379224
0.634561291632524
0.6342016146848815
0.6338419377950605
0.6334822609631265
0.6331225841891454
0.6327629074731826
0.6324032308153046
0.632043554215577
0.6316838776740662
0.6313242011908384
0.63096452476596
0.6306048483994974
0.6302451720915173
0.6298854958420865
0.6295258196512717
0.62916614351914
0.6288064674457584
0.6284467914311941
0.6280871154755143
0.6277274395787866
0.6273677637410785
0.6270080879624575
0.6266484122429915
0.6262887365827483
0.625929060981796
0.6255693854402027
0.6252097099580366
0.624850034535366
0.6244903591722595
0.6241306838687856
0.624
0.6236403247779362
0.6232806496156675
0.6229209745132631
0.622561299470792
0.6222016244883234
0.6218419495659266
0.6214822747036712
0.6211225999016267
0.6207629251598628
0.6204032504784492
0.6200435758574562
0.6196839012969536
0.6193242267970117
0.6189645523577008
0.6186048779790912
0.6182452036612537
0.6178855294042589
0.6175258552081776
0.6171661810730807
0.6168065069990393
0.6164468329861245
0.6160871590344076
0.6157274851439601
0.6153678113148536
0.6150081375471598
0.6146484638409504
0.6142887901962973
0.6139291166132728
0.6135694430919488
0.6132097696323978
0.6128500962346922
0.6124904228989045
0.6121307496251075
0.612
0.6116403268108459
0.6112806536838549
0.6109209806190998
0.6105613076166542
0.6102016346765913
0.6098419617989846
0.6094822889839079
0.6091226162314348
0.6087629435416394
0.6084032709145956
0.6080435983503775
0.6076839258490595
0.607324253410716
0.6069645810354216
0.606604908723251
0.606245236474279
0.6058855642885805
0.6055258921662308
0.6051662201073048
0.6048065481118782
0.6044468761800263
0.6040872043118248
0.6037275325073495
0.6033678607666761
0.603008189089881
0.6026485174770401
0.6022888459282297
0.6019291744435264
0.6015695030230068
0.6012098316667476
0.6008501603748255
0.6004904891473176
0.6001308179843011
0.6
0.5996403289250559
0.599280657914786
0.598920986969268
0.5985613160885795
0.5982016452727985
0.5978419745220029
0.597482303836271
0.597122633215681
0.5967629626603115
0.5964032921702409
0.596043621745548
0.5956839513863117
0.5953242810926109
0.594964610864525
0.5946049407021331
0.5942452706055148
0.5938856005747496
0.5935259306099172
0.5931662607110976
0.5928065908783706
0.5924469211118166
0.5920872514115159
0.5917275817775488
0.5913679122099961
0.5910082427089384
0.5906485732744567
0.5902889039066321
0.5899292346055457
0.5895695653712788
0.5892098962039131
0.5888502271035301
0.5884905580702116
0.5881308891040395
0.588
0.5876403311255425
0.5872806623184257
0.5869209935787322
0.5865613249065446
0.5862016563019455
0.585841987765018
0.5854823192958449
0.5851226508945098
0.5847629825610957
0.5844033142956863
0.5840436460983652
0.5836839779692163
0.5833243099083236
0.5829646419157712
0.5826049739916435
0.5822453061360248
0.5818856383489998
0.5815259706306531
0.5811663029810699
0.5808066354003351
0.5804469678885339
0.5800873004457519
0.5797276330720744
0.5793679657675873
0.5790082985323765
0.5786486313665279
0.5782889642701277
0.5779292972432624
0.5775696302860184
0.5772099633984823
0.576850296580741
0.5764906298328817
0.5761309631549913
0.576
0.5756403334176968
0.5752806669055694
0.5749210004637055
0.5745613340921929
0.5742016677911196
0.573842001560574
0.5734823354006443
0.5731226693114191
0.5727630032929871
0.5724033373454372
0.5720436714688585
0.5716840056633401
0.5713243399289714
0.5709646742658419
0.5706050086740414
0.5702453431536598
0.5698856777047872
0.5695260123275137
0.5691663470219298
0.568806681788126
0.568447016626193
0.5680873515362219
0.5677276865183036
0.5673680215725295
0.567008356698991
0.5666486918977797
0.5662890271689872
0.5659293625127056
0.5655696979290272
0.5652100334180441
0.5648503689798489
0.5644907046145341
0.5641310403221926
0.564
0.563640335807369
0.5632806716879317
0.5629210076417813
0.5625613436690114
0.562201679769716
0.5618420159439889
0.5614823521919243
0.5611226885136166
0.5607630249091602
0.5604033613786499
0.5600436979221805
0.559684034539847
0.5593243712317449
0.5589647079979695
0.5586050448386163
0.5582453817537812
0.5578857187435602
0.5575260558080495
0.5571663929473454
0.5568067301615444
0.5564470674507432
0.5560874048150389
0.5557277422545285
0.5553680797693092
0.5550084173594787
0.5546487550251344
0.5542890927663745
0.5539294305832968
0.5535697684759995
0.5532101064445811
0.5528504444891403
0.5524907826097759
0.5521311208065869
0.552
0.5516403383009175
0.5512806766782453
0.550921015132083
0.5505613536625305
0.5502016922696878
0.5498420309536554
0.5494823697145333
0.5491227085524225
0.5487630474674238
0.548403386459638
0.5480437255291667
0.5476840646761111
0.5473244039005729
0.546964743202654
0.5466050825824563
0.5462454220400822
0.545885761575634
0.5455261011892143
0.5451664408809261
0.5448067806508725
0.5444471204991566
0.5440874604258819
0.543727800431152
0.5433681405150709
0.5430084806777425
0.5426488209192714
0.5422891612397618
0.5419295016393185
0.5415698421180464
0.5412101826760506
0.5408505233134364
0.5404908640303094
0.5401312048267753
0.54
0.5396403409052657
0.5392806818903751
0.5389210229554349
0.5385613641005517
0.5382017053258322
0.5378420466313837
0.5374823880173135
0.5371227294837291
0.5367630710307382
0.5364034126584487
0.5360437543669689
0.5356840961564072
0.5353244380268722
0.5349647799784727
0.5346051220113177
0.5342454641255167
0.5338858063211789
0.5335261485984141
0.5331664909573324
0.5328068333980437
0.5324471759206586
0.5320875185252876
0.5317278612120415
0.5313682039810315
0.5310085468323688
0.5306488897661649
0.5302892327825315
0.5299295758815805
0.5295699190634242
0.529210262328175
0.5288506056759456
0.5284909491068487
0.5281312926209976
0.528
0.5276403436279664
0.527280687339447
0.5269210311345556
0.5265613750134062
0.5262017189761132
0.5258420630227915
0.5254824071535555
0.5251227513685205
0.5247630956678018
0.5244034400515147
0.5240437845197753
0.5236841290726993
0.5233244737104031
0.5229648184330032
0.5226051632406162
0.5222455081333592
0.5218858531113494
0.5215261981747041
0.5211665433235412
0.5208068885579784
0.5204472338781341
0.5200875792841265
0.5197279247760744
0.5193682703540968
0.5190086160183128
0.5186489617688418
0.5182893076058034
0.5179296535293175
0.5175699995395043
0.5172103456364843
0.516850691820378
0.5164910380913065
0.5161313844493907
0.516
0.515640346477275
0.5152806930419933
0.5149210396942772
0.5145613864342488
0.5142017332620306
0.5138420801777455
0.5134824271815164
0.5131227742734668
0.51276312145372
0.5124034687224002
0.5120438160796311
0.5116841635255373
0.5113245110602431
0.5109648586838738
0.5106052063965542
0.5102455541984098
0.5098859020895662
0.5095262500701494
0.5091665981402855
0.5088069463001011
0.5084472945497229
0.5080876428892779
0.5077279913188932
0.5073683398386966
0.5070086884488156
0.5066490371493786
0.5062893859405138
0.5059297348223497
0.5055700837950154
0.50521043285864
0.5048507820133529
0.5044911312592839
0.504131480596563
0.504
0.5036403494622326
0.5032806990161219
0.5029210486617989
0.5025613983993947
0.502201748229041
0.5018420981508694
0.5014824481650122
0.5011227982716016
0.5007631484707702
0.500403498762651
0.5000438491473772
0.4996841996250823
0.49932455019590005
0.49896490085996453
0.49860525161741015
0.4982456024683716
0.4978859534129837
0.4975263044513818
0.4971666555837014
0.49680700681007833
0.4964473581306488
0.49608770954554904
0.4957280610549159
0.49536841265888637
0.4950087643575977
0.4946491161511876
0.49428946803979396
0.4939298200235549
0.493570172102609
0.4932105242770951
0.49285087654715226
0.4924912289129199
0.49213158137453783
0.492
0.4916403525927624
0.49128070528170686
0.4909210580669741
0.4905614109487052
0.49020176392704157
0.4898421170021249
0.48948247017409713
0.48912282344310065
0.48876317680927805
0.4884035302727723
0.4880438838337266
0.4876842374922846
0.4873245912485902
0.48696494510278754
0.4866052990550212
0.48624565310543605
0.48588600725417724
0.4855263615013903
0.485166715847221
0.48480707029181547
0.4844474248353202
0.48408777947788206
0.4837281342196481
0.4833684890607658
0.4830088440013829
0.4826491990416475
0.4822895541817081
0.4819299094217135
0.4815702647618127
0.48121062020215516
0.4808509757428907
0.48049133138416944
0.4801316871261418
0.48
0.4796403558797796
0.47928071186061016
0.4789210679426433
0.4785614241260308
0.4782017804109251
0.4778421367974787
0.47748249328584463
0.47712284987617615
0.4767632065686269
0.47640356336335093
0.4760439202605026
0.4756842772602365
0.4753246343627078
0.4749649915680718
0.4746053488764843
0.4742457062881014
0.4738860638030796
0.47352642142157564
0.4731667791437467
0.4728071369697504
0.4724474948997445
0.47208785293388744
0.47172821107233764
0.47136856931525417
0.47100892766279634
0.47064928611512385
0.47028964467239687
0.4699300033347757
0.4695703621024212
0.46921072097549454
0.46885107995415726
0.46849143903857127
0.4681317982288989
0.468
0.46764035933531867
0.46728071877693644
0.46692107832501695
0.46656143797972405
0.46620179774122206
0.4658421576096757
0.46548251758525
0.46512287766811045
0.46476323785842283
0.4644035981563534
0.4640439585620688
0.463684319075736
0.46332467969752233
0.4629650404275957
0.4626054012661241
0.4622457622132762
0.46188612326922085
0.46152648443412747
0.4611668457081658
0.4608072070915059
0.4604475685843184
0.46008793018677413
0.4597282918990445
0.45936865372130126
0.4590090156537165
0.45864937769646275
0.45828973984971294
0.45793010211364055
0.4575704644884192
0.4572108269742231
0.4568511895712269
0.45649155227960553
0.4561319150995344
0.456
0.4556403629726803
0.45528072605732767
0.4549210892541189
0.4545614525632312
0.45420181598484227
0.4538421795191302
0.4534825431662734
0.45312290692645085
0.4527632707998419
0.4524036347866263
0.45204399888698427
0.45168436310109633
0.45132472742914365
0.4509650918713077
0.4506054564277704
0.4502458210987141
0.4498861858843216
0.4495265507847762
0.4491669158002615
0.44880728093096167
0.44844764617706123
0.44808801153874517
0.447728377016199
0.4473687426096086
0.4470091083191603
0.44664947414504086
0.44628984008743755
0.4459302061465381
0.44557057232253067
0.4452109386156038
0.44485130502594655
0.44449167155374847
0.44413203819919955
0.444
0.443640366806603
0.4432807337313067
0.44292110077430263
0.4425614679357828
0.44220183521593975
0.4418422026149663
0.441482570133056
0.44112293777040257
0.4407633055272005
0.4404036734036446
0.44004404139993014
0.439684409516253
0.43932477775280937
0.43896514610979603
0.4386055145874102
0.4382458831858496
0.43788625190531244
0.4375266207459974
0.43716698970810375
0.4368073587918311
0.4364477279973796
0.4360880973249499
0.4357284667747432
0.43536883634696116
0.435009206041806
0.4346495758594802
0.43428994580018715
0.43393031586413033
0.433570686051514
0.4332110563625428
0.43285142679742195
0.4324917973563571
0.4321321680395545
0.432
0.4316403708534623
0.4312807418316771
0.43092111293485236
0.43056148416319656
0.4302018555169187
0.42984222699622826
0.4294825986013353
0.42912297033245045
0.42876334218978474
0.4284037141735498
0.4280440862839578
0.42768445852122144
0.42732483088555395
0.42696520337716914
0.4266055759962813
0.4262459487431053
0.4258863216178565
0.4255266946207509
0.4251670677520049
0.42480744101183565
0.4244478144004607
0.42408818791809816
0.4237285615649667
0.4233689353412856
0.4230093092472747
0.4226496832831544
0.42229005744914555
0.42193043174546974
0.421570806172349
0.42121118073000585
0.42085155541866365
0.4204919302385461
0.42013230518987754
0.42
0.41964037513150465
0.4192807503949918
0.4189211257906878
0.41856150131881953
0.4182018769796144
0.4178422527733005
0.41748262870010644
0.4171230047602615
0.41676338095399545
0.4164037572815387
0.4160441337431223
0.41568451033897785
0.4153248870693375
0.4149652639344341
0.4146056409345011
0.41424601806977246
0.4138863953404829
0.41352677274686755
0.4131671502891624
0.41280752796760384
0.41244790578242896
0.41208828373387546
0.41172866182218176
0.41136904004758673
0.41100941841033
0.41064979691065173
0.4102901755487928
0.40993055432499476
0.40957093323949956
0.40921131229255003
0.4088516914843896
0.40849207081526223
0.4081324502854126
0.408
0.40764037966112254
0.4072807594621049
0.4069211394031939
0.40656151948463715
0.4062018997066827
0.4058422800695794
0.4054826605735768
0.405123041218925
0.40476342200587484
0.40440380293467776
0.40404418400558595
0.4036845652188523
0.4033249465747302
0.40296532807347396
0.4026057097153384
0.402246091500579
0.401886473429452
0.40152685550221434
0.40116723771912366
0.40080762008043824
0.40044800258641705
0.4000883852373198
0.39972876803340696
0.3993691509749395
0.3990095340621793
0.3986499172953888
0.39829030067483123
0.39793068420077055
0.3975710678734714
0.39721145169319916
0.39685183566021986
0.3964922197748003
0.39613260403720807
0.396
0.3956403844651797
0.3952807690788233
0.3949211538412008
0.39456153875258293
0.3942019238132412
0.3938423090234478
0.39348269438347566
0.39312307989359857
0.39276346555409086
0.3924038513652278
0.3920442373272854
0.3916846234405403
0.39132500970527007
0.3909653961217529
0.39060578269026786
0.3902461694110947
0.389886556284514
0.38952694331080706
0.38916733049025604
0.3888077178231438
0.388448105309754
0.3880884929503712
0.3877288807452806
0.3873692686947683
0.3870096567991211
0.3866500450586266
0.38629043347357334
0.3859308220442505
0.3855712107709482
0.3852115996539573
0.3848519886935695
0.3844923778900773
0.384132767243774
0.384
0.3836403895693966
0.38328077929668036
0.38292116918214736
0.3825615592260946
0.3822019494288198
0.3818423397906216
0.38148273031179947
0.3811231209926537
0.38076351183348556
0.3804039028345969
0.3800442939962907
0.3796846853188706
0.37932507680264127
0.3789654684479081
0.3786058602549775
0.3782462522241566
0.3778866443557535
0.3775270366500771
0.3771674291074373
0.37680782172814475
0.37644821451251115
0.37608860746084893
0.3757290005734715
0.37536939385069323
0.37500978729282924
0.37465018090019564
0.37429057467310944
0.3739309686118886
0.37357136271685193
0.3732117569883192
0.3728521514266111
0.37249254603204923
0.3721329408049562
0.372
0.3716403950028117
0.37128079017386023
0.37092118551347136
0.3705615810219717
0.37020197669968885
0.3698423725469514
0.36948276856408885
0.3691231647514317
0.36876356110931136
0.3684039576380603
0.3680443543380118
0.36768475120950034
0.3673251482528612
0.36696554546843074
0.36660594285654624
0.366246340417546
0.3658867381517693
0.3655271360595565
0.3651675341412489
0.3648079323971888
0.3644483308277195
0.3640887294331854
0.3637291282139318
0.363369527170305
0.3630099263026526
0.36265032561132293
0.3622907250966655
0.36193112475903083
0.36157152459877046
0.361211924616237
0.36085232481178414
0.3604927251857666
0.3601331257385401
0.36
0.35964040079833376
0.35928080177630617
0.35892120293427654
0.3585616042726054
0.3582020057916543
0.3578424074917858
0.3574828093733637
0.3571232114367528
0.356763613682319
0.35640401611042943
0.35604441872145215
0.3556848215157564
0.3553252244937126
0.3549656276556923
0.354606031002068
0.3542464345332136
0.3538868382495039
0.3535272421513149
0.3531676462390239
0.35280805051300923
0.35244845497365035
0.3520888596213279
0.3517292644564237
0.3513696694793208
0.3510100746904033
0.35065048009005656
0.3502908856786671
0.3499312914566227
0.3495716974243122
0.3492121035821258
0.34885250993045475
0.34849291646969155
0.34813332320023
0.348
0.34764040699340926
0.34728081417905854
0.3469212215573457
0.34656162912866983
0.3462020368934312
0.3458424448520315
0.3454828530048736
0.3451232613523615
0.3447636698949006
0.34440407863289757
0.34404448756676026
0.3436848966968979
0.3433253060237209
0.3429657155476411
0.34260612526907147
0.3422465351884264
0.34188694530612157
0.34152735562257386
0.34116776613820166
0.3408081768534245
0.3404485877686633
0.34008899888434035
0.33972941020087927
0.339369821718705
0.33901023343824377
0.3386506453599233
0.33829105748417254
0.33793146981142197
0.3375718823421032
0.3372122950766495
0.33685270801549533
0.33649312115907654
0.3361335345078305
0.336
0.33564041363083236
0.33528082746788
0.3349212415115851
0.33456165576239105
0.3342020702207428
0.33384248488708657
0.33348289976187023
0.33312331484554303
0.3327637301385556
0.3324041456413601
0.3320445613544102
0.3316849772781608
0.33132539341306866
0.3309658097595917
0.33060622631818953
0.3302466430893231
0.32988706007345503
0.3295274772710493
0.32916789468257157
0.32880831230848884
0.32844873014926973
0.3280891482053845
0.3277295664773047
0.3273699849655038
0.3270104036704564
0.326650822592639
0.32629124173252955
0.3259316610906075
0.32557208066735405
0.3252125004632519
0.3248529204787853
0.3244933407144402
0.32413376117070414
0.324
0.32364042075973437
0.32328084174124067
0.32292126294501194
0.32256168437154287
0.32220210602132976
0.3218425278948706
0.321482949992665
0.3211233723152144
0.3207637948630217
0.32040421763659166
0.3200446406364307
0.31968506386304685
0.31932548731694993
0.3189659109986515
0.3186063349086649
0.31824675904750505
0.31788718341568867
0.3175276080137343
0.3171680328421622
0.3168084579014944
0.3164488831922547
0.3160893087149687
0.3157297344701637
0.31537016045836896
0.31501058668011545
0.31465101313593596
0.31429143982636515
0.3139318667519394
0.3135722939131971
0.31321272131067834
0.3128531489449252
0.31249357681648154
0.3121340049258931
0.312
0.3116404284368027
0.31128085711276304
0.3109212860284332
0.3105617151843673
0.3102021445811213
0.30984257421925304
0.30948300409932245
0.3091234342218913
0.30876386458752336
0.3084042951967844
0.30804472605024213
0.30768515714846617
0.3073255884920283
0.3069660200815021
0.3066064519174634
0.3062468840004898
0.30588731633116123
0.3055277489100594
0.3051681817377682
0.30480861481487354
0.30444904814196344
0.30408948171962796
0.30372991554845924
0.30337034962905157
0.3030107839620014
0.3026512185479071
0.3022916533873694
0.301932088480991
0.30157252382937694
0.3012129594331342
0.3008533952928721
0.30049383140920205
0.3001342677827377
0.3
0.299640436727791
0.29928087371425294
0.29892131096000696
0.2985617484656764
0.2982021862318869
0.2978426242592662
0.2974830625484446
0.29712350110005437
0.2967639399147303
0.29640437899310945
0.296044818335831
0.29568525794353673
0.29532569781687057
0.2949661379564789
0.29460657836301046
0.2942470190371163
0.29388745997944987
0.2935279011906671
0.29316834267142616
0.2928087844223878
0.2924492264442151
0.2920896687375737
0.2917301113031316
0.2913705541415592
0.2910109972535296
0.29065144063971815
0.2902918843008029
0.2899323282374643
0.2895727724503854
0.28921321694025165
0.2888536617077513
0.2884941067535749
0.28813455207841576
0.288
0.28764044570940733
0.2872808916994883
0.2869213379709449
0.28656178452448183
0.28620223136080647
0.28584267848062883
0.28548312588466157
0.2851235735736201
0.2847640215482225
0.2844044698091895
0.2840449183572446
0.28368536719311416
0.2833258163175272
0.28296626573121547
0.2826067154349136
0.282247165429359
0.28188761571529186
0.28152806629345517
0.28116851716459484
0.2808089683294596
0.2804494197888011
0.28008987154337384
0.2797303235939352
0.27937077594124543
0.2790112285860679
0.27865168152916875
0.27829213477131715
0.27793258831328527
0.2775730421558482
0.27721349629978415
0.27685395074587427
0.27649440549490273
0.2761348605476568
0.276
0.27564045547169447
0.27528091124899673
0.2749213673327045
0.2745618237236186
0.27420228042254297
0.2738427374302848
0.27348319474765437
0.27312365237546515
0.2727641103145339
0.2724045685656805
0.27204502712972817
0.2716854860075033
0.27132594519983566
0.27096640470755823
0.27060686453150734
0.27024732467252266
0.2698877851314472
0.2695282459091272
0.2691687070064126
0.2688091684241565
0.2684496301632154
0.26809009222444935
0.2677305546087218
0.2673710173168998
0.2670114803498536
0.2666519437084573
0.26629240739358834
0.26593287140612776
0.2655733357469601
0.2652138004169736
0.2648542654170601
0.2644947307481149
0.2641351964110372
0.264
0.2636404661210591
0.2632809325761367
0.2629213993661443
0.2625618664919971
0.2622023339546142
0.2618428017549183
0.26148326989383613
0.2611237383722981
0.2607642071912384
0.2604046763515952
0.2600451458543105
0.25968561570033016
0.25932608589060413
0.25896655642608607
0.25860702730773377
0.25824749853650897
0.2578879701133774
0.2575284420393088
0.2571689143152771
0.2568093869422602
0.25644985992124003
0.25609033325320285
0.2557308069391389
0.2553712809800427
0.25501175537691284
0.2546522301307523
0.25429270524256814
0.2539331807133718
0.25357365654417896
0.2532141327360096
0.25285460928988807
0.2524950862068431
0.2521355634879077
0.252
0.2516404777841664
0.251280955934916
0.25092143445329684
0.25056191334036154
0.2502023925971672
0.24984287222477555
0.24948335222425286
0.24912383259666998
0.24876431334310242
0.24840479446463032
0.24804527596233855
0.24768575783731664
0.2473262400906589
0.2469667227234644
0.24660720573683698
0.24624768913188533
0.24588817290972295
0.24552865707146826
0.2451691416182446
0.24480962655118021
0.24445011187140833
0.24409059758006713
0.24373108367829985
0.24337157016725477
0.24301205704808532
0.2426525443219499
0.24229303199001223
0.24193352005344107
0.2415740085134104
0.2412144973710995
0.24085498662769286
0.2404954762843803
0.24013596634235695
0.24
0.23964049061300172
0.23928098163015651
0.23892147305267777
0.23856196488178436
0.23820245711870064
0.23784294976465647
0.23748344282088735
0.23712393628863432
0.23676443016914409
0.23640492446366904
0.23604541917346727
0.2356859142998026
0.23532640984394462
0.23496690580716878
0.23460740219075632
0.23424789899599438
0.23388839622417604
0.23352889387660034
0.23316939195457226
0.23280989045940287
0.23245038939240925
0.23209088875491465
0.23173138854824843
0.2313718887737461
0.23101238943274943
0.23065289052660642
0.23029339205667138
0.22993389402430495
0.22957439643087416
0.2292148992777524
0.22885540256631962
0.22849590629796215
0.22813641047407293
0.228
0.22764050479153053
0.2272810100308702
0.22692151571943434
0.22656202185864494
0.2262025284499308
0.22584303549472753
0.22548354299447756
0.22512405095063023
0.22476455936464182
0.22440506823797554
0.2240455775721017
0.2236860873684976
0.2233265976286477
0.22296710835404362
0.22260761954618422
0.2222481312065755
0.2218886433367309
0.22152915593817107
0.22116966901242419
0.22081018256102578
0.22045069658551886
0.22009121108745405
0.21973172606838953
0.2193722415298911
0.21901275747353224
0.21865327390089423
0.21829379081356606
0.2179343082131446
0.21757482610123463
0.21721534447944885
0.21685586334940793
0.21649638271274066
0.21613690257108392
0.216
0.21564052054457689
0.2152810415880943
0.21492156313221686
0.21456208517861758
0.21420260772897787
0.21384313078498754
0.21348365434834496
0.21312417842075707
0.21276470300393943
0.21240522809961626
0.21204575370952053
0.21168627983539404
0.21132680647898744
0.2109673336420603
0.21060786132638115
0.21024838953372763
0.20988891826588638
0.2095294475246533
0.2091699773118335
0.2088105076292414
0.2084510384787007
0.2080915698620446
0.20773210178111579
0.20737263423776645
0.20701316723385843
0.20665370077126327
0.20629423485186224
0.20593476947754644
0.2055753046502168
0.20521584037178436
0.20485637664417006
0.204496913469305
0.20413745084913038
0.204
0.20364053814983352
0.2032810768590237
0.20292161612954668
0.20256215596338917
0.20220269636254837
0.20184323732903214
0.2014837788648591
0.2011243209720586
0.20076486365267085
0.20040540690874703
0.20004595074234938
0.19968649515555117
0.1993270401504369
0.1989675857291023
0.19860813189365448
0.19824867864621193
0.19788922598890468
0.19752977392387439
0.19717032245327426
0.1968108715792694
0.19645142130403673
0.19609197162976502
0.19573252255865514
0.19537307409292007
0.19501362623478494
0.1946541789864872
0.19429473235027667
0.1939352863284156
0.19357584092317892
0.1932163961368541
0.19285695197174138
0.19249750843015387
0.1921380655144176
0.192
0.1916405579543729
0.19128111654019536
0.1909216757598379
0.19056223561568444
0.1902027961101324
0.1898433572455927
0.18948391902449002
0.18912448144926272
0.18876504452236315
0.18840560824625757
0.18804617262342638
0.18768673765636412
0.18732730334757974
0.18696786969959653
0.18660843671495234
0.18624900439619965
0.18588957274590573
0.1855301417666527
0.18517071146103764
0.18481128183167278
0.18445185288118554
0.18409242461221867
0.1837329970274304
0.1833735701294945
0.18301414392110052
0.18265471840495373
0.18229529358377541
0.1819358694603029
0.18157644603728973
0.1812170233175058
0.1808576013037374
0.18049817999878742
0.1801387594054755
0.18
0.17964058039775854
0.17928116151395132
0.17892174335145553
0.17856232591316573
0.17820290920199391
0.1778434932208697
0.1774840779727404
0.17712466346057124
0.17676524968734544
0.1764058366560644
0.17604642436974785
0.17568701283143398
0.17532760204417958
0.17496819201106023
0.17460878273517041
0.1742493742196237
0.17388996646755292
0.17353055948211027
0.17317115326646754
0.17281174782381617
0.17245234315736757
0.17209293927035313
0.17173353616602446
0.17137413384765357
0.17101473231853304
0.1706553315819761
0.17029593164131698
0.16993653249991095
0.1695771341611345
0.16921773662838563
0.16885833990508387
0.1684989439946706
0.16813954890060917
0.168
0.1676406060450539
0.1672812129148212
0.16692182061284117
0.16656242914267586
0.16620303850791035
0.16584364871215299
0.1654842597590355
0.16512487165221323
0.1647654843953654
0.16440609799219522
0.16404671244643015
0.16368732776182213
0.16332794394214772
0.16296856099120846
0.16260917891283092
0.162249797710867
0.16189041738919424
0.16153103795171586
0.16117165940236114
0.16081228174508555
0.16045290498387113
0.16009352912272654
0.15973415416568743
0.15937478011681663
0.15901540698020444
0.1586560347599688
0.15829666346025562
0.15793729308523893
0.15757792363912132
0.157218555126134
0.15685918755053715
0.15649982091662024
0.15614045522870212
0.156
0.1556406356350544
0.1552812722265547
0.15492190977892184
0.1545625482966076
0.15420318778409461
0.1538438282458969
0.15348446968656
0.15312511211066132
0.1527657555228105
0.15240639992764957
0.1520470453298534
0.1516876917341299
0.15132833914522048
0.15096898756790014
0.150609637006978
0.1502502874672975
0.14989093895373676
0.14953159147120898
0.14917224502466267
0.14881289961908206
0.14845355525948742
0.1480942119509354
0.14773486969851937
0.14737552850736985
0.14701618838265476
0.14665684932957992
0.1462975113533893
0.14593817445936544
0.1455788386528298
0.14521950393914326
0.14486017032370635
0.14450083781195971
0.14414150640938453
0.144
0.14364067015261547
0.14328134142769025
0.14292201383084602
0.14256268736774683
0.14220336204409942
0.14184403786565378
0.14148471483820343
0.14112539296758603
0.1407660722596837
0.14040675272042352
0.140047434355778
0.1396881171717655
0.13932880117445076
0.13896948636994538
0.13861017276440823
0.138250860364046
0.13789154917511365
0.137532239203915
0.13717293045680312
0.13681362294018096
0.13645431666050178
0.13609501162426973
0.13573570783804037
0.13537640530842124
0.13501710404207232
0.1346578040457067
0.13429850532609114
0.13393920789004654
0.13357991174444858
0.13322061689622838
0.13286132335237294
0.13250203111992587
0.13214274020598796
0.132
0.13164071094039648
0.1312814232165613
0.1309221368357942
0.1305628518054549
0.13020356813296374
0.12984428582580237
0.1294850048915144
0.12912572533770614
0.12876644717204722
0.12840717040227134
0.12804789503617697
0.12768862108162815
0.1273293485465551
0.126970077438955
0.12661080776689285
0.12625153953850213
0.12589227276198556
0.12553300744561602
0.1251737435977372
0.12481448122676449
0.12445522034118581
0.12409596094956242
0.12373670306052977
0.12337744668279836
0.12301819182515462
0.1226589384964618
0.12229968670566084
0.12194043646177131
0.12158118777389232
0.12122194065120345
0.12086269510296573
0.12050345113852255
0.12014420876730073
0.12
0.11964075987758367
0.11928152137137298
0.11892228449108581
0.118563049246528
0.11820381564759423
0.11784458370426928
0.11748535342662898
0.11712612482484137
0.11676689790916786
0.11640767268996431
0.11604844917768227
0.1156892273828701
0.11533000731617421
0.11497078898834023
0.11461157241021432
0.11425235759274434
0.11389314454698117
0.11353393328408004
0.1131747238153018
0.11281551615201425
0.11245631030569354
0.11209710628792552
0.11173790411040714
0.1113787037849479
0.11101950532347125
0.11066030873801615
0.11030111404073846
0.10994192124391253
0.10958273035993271
0.10922354140131495
0.10886435438069834
0.1085051693108468
0.10814598620465068
0.108
0.10764081967762985
0.10728164135046338
0.10692246503183439
0.10656329073521074
0.10620411847419613
0.10584494826253188
0.10548578011409888
0.10512661404291948
0.10476745006315932
0.1044082881891294
0.104049128435288
0.10368997081624277
0.10333081534675273
0.1029716620417304
0.10261251091624395
0.10225336198551933
0.10189421526494254
0.1015350707700618
0.10117592851658992
0.10081678852040657
0.10045765079756068
0.10009851536427286
0.09973938223693782
0.09938025143212689
0.0990211229665906
0.09866199685726118
0.09830287312125531
0.09794375177587672
0.09758463283861896
0.0972255163271682
0.09686640225940601
0.09650729065341235
0.09614818152746837
0.096
0.09564089440901917
0.09528179134304078
0.09492269082105578
0.09456359286227006
0.09420449748610768
0.09384540471221418
0.09348631456046
0.09312722705094387
0.09276814220399635
0.0924090600401834
0.09204998058031004
0.09169090384542404
0.09133182985681976
0.09097275863604193
0.09061369020488969
0.09025462458542051
0.08989556179995437
0.08953650187107788
0.08917744482164859
0.08881839067479931
0.08845933945394253
0.088100291182775
0.08774124588528226
0.08738220358574346
0.08702316430873606
0.08666412807914083
0.08630509492214677
0.08594606486325632
0.08558703792829046
0.08522801414339416
0.08486899353504171
0.08450997613004234
0.08415096195554586
0.084
0.08364099046176479
0.08328198422119391
0.08292298130664674
0.08256398174684974
0.0822049855709029
0.08184599280828622
0.08148700348886631
0.08112801764290326
0.08076903530105747
0.08041005649439686
0.08005108125440402
0.07969210961298365
0.07933314160247014
0.07897417725563535
0.07861521660569648
0.07825625968632419
0.07789730653165088
0.07753835717627919
0.07717941165529064
0.07682047000425456
0.07646153225923707
0.07610259845681049
0.07574366863406275
0.07538474282860717
0.07502582107859244
0.07466690342271277
0.07430798990021839
0.07394908055092622
0.07359017541523082
0.07323127453411561
0.07287237794916442
0.07251348570257315
0.07215459783716198
0.072
0.07164111847879331
0.07128224144553237
0.0709233689452747
0.07056450102375927
0.0702056377274202
0.06984677910340095
0.06948792519956887
0.06912907606453002
0.06877023174764446
0.06841139229904195
0.06805255776963796
0.06769372821115027
0.06733490367611578
0.06697608421790796
0.06661726989075471
0.06625846074975662
0.06589965685090585
0.06554085825110538
0.06518206500818895
0.06482327718094139
0.06446449482911958
0.06410571801347402
0.06374694679577095
0.06338818123881508
0.06302942140647301
0.06267066736369728
0.06231191917655113
0.06195317691223391
0.06159444063910731
0.06123571042672225
0.060876986345846644
0.060518268468493945
0.06015955686795248
0.06
0.05964129760035682
0.05928260166226033
0.05892391226362792
0.05856522948379348
0.05820655340354185
0.05784788410514443
0.057489221672395854
0.05713056619065177
0.05677191774686785
0.056413276429639975
0.05605464232924574
0.05569601553768722
0.055337396148735195
0.05497878425797467
0.054620179962852
0.05426158336272344
0.0539029945589054
0.05354441365472625
0.05318584075557995
0.052827275968981395
0.05246871940462366
0.05211017117443719
0.051751631392651036
0.05139310017585614
0.05103457764307084
0.05067606391580869
0.05031755911814865
0.04995906337680767
0.04960057682121603
0.04924209958359523
0.048883631799038776
0.04852517360559589
0.048166725144358276
0.048
0.04764156605915184
0.04728314221189404
0.046924728610578684
0.04656632541102902
0.046207932772645594
0.045849550858516476
0.04549117983553179
0.04513281987450269
0.04477447115028505
0.04441613384190804
0.044057808132707856
0.043699494210466865
0.04334119226755837
0.04298290250109737
0.04262462511309746
0.0422663603106344
0.04190810830601644
0.04154986931696192
0.04119164356678447
0.04083343128458617
0.04047523270545914
0.04011704807069594
0.03975887762800928
0.039400721631761615
0.03904258034320498
0.03868445403073178
0.038326342970137095
0.037968247444893126
0.03761016774643642
0.03725210417446871
0.03689405703727202
0.036536026652038964
0.036178013345219036
0.036
0.03564201289508682
0.03528404372665543
0.03492609285650613
0.03456816065747846
0.034210247513904384
0.03385235382208485
0.033494479990791325
0.03313662644179381
0.03277879361041714
0.03242098194612725
0.0320631919131495
0.031705423991121105
0.03134767867578
0.03098995647969254
0.030632257933022804
0.030274583584346218
0.029916934001510773
0.029559309772549093
0.029201711506645044
0.028844139835158822
0.028486595412714852
0.02812907891835709
0.0277715910567769
0.02741413255961894
0.02705670418687114
0.02669930672834534
0.02634194100525573
0.02598460787190298
0.025627308217472635
0.025270042967957214
0.02491281308821233
0.024555619584158195
0.02419846350513903
0.024
0.0236429043392555
0.02328584900065715
0.022928835209787873
0.02257186424881935
0.022214937460043056
0.02185805624968062
0.021501222092000394
0.021144436533770187
0.02078770119907963
0.020431017794569524
0.020074388115110066
0.019717814049974886
0.019361297589563724
0.019004840832733183
0.018648445994802677
0.018292115416311455
0.017935851572612755
0.01757965708440278
0.017223534729295793
0.01686748745457235
0.01651151839124598
0.01615563086961517
0.01579982843649241
0.015444114874331753
0.015088494222510985
0.014732970801065769
0.014377549237221988
0.014022234495130794
0.013667031909280687
0.013311947222144765
0.012956986626722488
0.012602156814757962
0.012247465031566204
0.012
0.011645560949899724
0.011291282756769468
0.010937175332618558
0.010583249529414297
0.010229517261260488
0.009875991647016146
0.009522687177585622
0.009169619913166522
0.008816807717107846
0.008464270534814395
0.008112030728483679
0.00776011348158842
0.007408547291221458
0.007057364572135107
0.006706602404171483
0.0063563034657446406
0.006006517211539281
0.005657301374854593
0.005308723907535788
0.0049608655188047015
0.0046138230477352745
0.004267714018150451
0.0039226829062837315
0.0035789099488849935
0.003236623822030992
0.0028961204014845456
0.002557791423126356
0.002222169939951578
0.0018900057009478522
0.0015623970341146314
0.0012410372456431824
0.0009287141601062131
0.0006304326503679433
0.00035628130263347477
0.00012978815987072458
1.2978815987072458e-05
1.2978815987072459e-06
1.2978815987072458e-07
1.2978815987072458e-08
